,Stepsrewards,Stepsci,Episoderewards,Episodeci
0,2.0,0.0,2.0,0.0
1,1.6666666666666667,1.4113613076532674,2.2,0.35061545887196705
2,2.0,0.0,2.4,0.42941448508405017
3,2.0,1.3859292911256331,2.8,0.6559414608027151
4,2.5,0.6929646455628166,2.4,0.42941448508405017
5,1.0,0.0,1.8,1.2882434552521507
6,1.0,1.3859292911256331,1.6,0.8938975332777241
7,0.6666666666666666,1.066888865745562,0.8,0.8588289701681004
8,2.0,0.9239528607504222,2.2,0.35061545887196705
9,1.3333333333333333,1.066888865745562,1.8,0.8588289701681003
10,1.3333333333333333,1.066888865745562,1.8,0.8588289701681003
11,1.0,1.6003332986183432,1.6,1.4242067265674598
12,0.25,0.4243524478543749,1.2,1.2882434552521504
13,3.0,0.0,2.0,0.7839999999999999
14,2.5,0.6929646455628166,1.6,0.8938975332777241
15,2.5,0.6929646455628166,3.2,1.606721880102465
16,4.0,4.157787873376899,3.8,1.7877950665554483
17,1.0,0.9239528607504222,0.8,0.8588289701681004
18,1.6666666666666667,1.4113613076532674,1.6,1.188994869627283
19,1.0,0.9239528607504222,1.8,1.0222109371357755
20,1.6666666666666667,1.4113613076532674,1.8,1.0222109371357755
21,1.0,1.6003332986183432,1.6,1.188994869627283
22,0.5,0.49,0.8,1.0222109371357755
23,1.0,0.0,1.6,0.7012309177439341
24,3.5,0.6929646455628166,1.6,1.4242067265674598
25,1.6666666666666667,0.533444432872781,2.4,0.42941448508405017
26,0.5,0.49,0.6,0.4294144850840502
27,0.6666666666666666,0.533444432872781,1.0,0.5543717164502532
28,0.5,0.49,1.2,1.0222109371357755
29,0.25,0.4243524478543749,0.6,0.4294144850840502
30,0.6666666666666666,1.066888865745562,0.8,0.6559414608027152
31,0.6666666666666666,0.533444432872781,0.4,0.4294144850840502
32,1.0,0.9239528607504222,1.2,0.8588289701681003
33,0.6666666666666666,0.533444432872781,1.8,1.5080541104350336
34,1.3333333333333333,1.066888865745562,1.2,0.6559414608027152
35,1.3333333333333333,0.533444432872781,1.6,1.188994869627283
36,1.3333333333333333,1.066888865745562,1.0,0.7839999999999999
37,1.6666666666666667,1.4113613076532674,1.6,0.8938975332777241
38,1.3333333333333333,2.133777731491124,1.0,1.3579278331339997
39,0.75,0.812573073637073,0.8,0.6559414608027152
