,Stepsrewards,Stepsci,Episoderewards,Episodeci
0,2.0,0.0,2.0,0.0
1,1.6666666666666667,1.4113613076532674,2.2,0.35061545887196705
2,2.0,0.0,2.4,0.42941448508405017
3,0.5,0.8487048957087499,1.6,1.188994869627283
4,1.3333333333333333,1.4113613076532674,1.2,1.0222109371357755
5,1.3333333333333333,1.066888865745562,1.4,1.051846376615901
6,3.0,0.0,3.2,0.6559414608027151
7,1.3333333333333333,0.533444432872781,1.4,0.7012309177439341
8,2.0,0.0,1.8,1.4024618354878682
9,1.5,0.6929646455628166,0.8,0.6559414608027152
10,1.5,2.0788939366884494,1.0,1.1087434329005064
11,2.0,0.0,1.8,0.8588289701681003
12,1.0,0.0,0.6,0.4294144850840502
13,2.0,2.7718585822512662,2.8,1.2882434552521507
14,1.5,2.0788939366884494,2.6,0.8938975332777241
15,1.3333333333333333,1.066888865745562,2.0,0.0
16,2.5,2.0788939366884494,2.4,0.7012309177439341
17,1.5,2.0788939366884494,2.6,0.8938975332777241
18,2.5,2.0788939366884494,1.8,1.4024618354878682
19,1.3333333333333333,1.4113613076532674,2.0,1.466729695615385
20,1.3333333333333333,1.066888865745562,1.6,0.7012309177439341
21,2.5,0.6929646455628166,3.6,1.051846376615901
22,1.0,0.9239528607504222,1.8,0.8588289701681003
23,2.5,2.0788939366884494,2.8,1.0222109371357753
24,1.3333333333333333,1.066888865745562,2.6,1.5282973532660453
25,0.3333333333333333,0.533444432872781,0.6,1.051846376615901
26,1.6666666666666667,1.4113613076532674,2.2,1.1628599227765997
27,3.5,0.6929646455628166,4.4,0.8938975332777241
28,2.5,3.4648232278140827,2.6,1.625737002100893
29,1.3333333333333333,1.066888865745562,1.8,0.8588289701681003
30,2.5,0.6929646455628166,1.8,0.8588289701681003
31,1.6666666666666667,0.533444432872781,2.0,0.5543717164502532
32,3.0,1.3859292911256331,2.0,1.5679999999999998
33,1.3333333333333333,1.066888865745562,1.4,1.051846376615901
34,1.3333333333333333,1.066888865745562,2.4,0.7012309177439341
35,1.0,1.6003332986183432,2.2,1.0222109371357753
36,1.3333333333333333,1.066888865745562,2.2,1.4024618354878682
37,3.0,1.3859292911256331,2.6,1.188994869627283
38,1.3333333333333333,0.533444432872781,2.0,0.5543717164502532
39,3.0,1.3859292911256331,1.2,1.402461835487868
40,1.0,0.9239528607504222,1.4,1.051846376615901
41,1.3333333333333333,1.066888865745562,2.0,0.9601999791710057
