,Stepsrewards,Stepsci,Episoderewards,Episodeci
0,2.0,0.9239528607504222,2.5,0.6929646455628166
1,2.0,0.0,2.5,0.49
2,0.75,0.812573073637073,2.0,0.9601999791710057
3,2.0,0.9239528607504222,2.0,0.9601999791710057
4,2.0,0.9239528607504222,2.4,0.42941448508405017
5,1.0,1.3859292911256331,2.8,0.6559414608027151
6,0.25,0.4243524478543749,1.6,1.4242067265674598
7,1.0,0.9239528607504222,0.6,0.701230917743934
8,0.5,0.49,0.8,0.6559414608027152
9,1.6666666666666667,1.4113613076532674,1.2,1.2882434552521504
10,0.6666666666666666,1.066888865745562,1.2,1.402461835487868
11,0.0,0.0,0.8,0.8588289701681004
12,0.75,0.812573073637073,0.2,0.35061545887196705
13,0.6666666666666666,1.066888865745562,0.6,0.701230917743934
14,0.75,0.812573073637073,1.4,1.051846376615901
15,1.0,0.9239528607504222,1.6,0.8938975332777241
16,1.0,0.9239528607504222,1.2,0.6559414608027152
17,1.0,0.9239528607504222,1.4,0.7012309177439341
18,1.5,2.0788939366884494,1.2,0.6559414608027152
19,0.5,0.6929646455628166,1.6,0.8938975332777241
20,1.0,1.3859292911256331,1.8,1.0222109371357755
21,0.0,0.0,1.8,1.0222109371357755
22,1.0,0.9239528607504222,1.8,1.0222109371357755
23,0.5,0.8487048957087499,1.0,0.7839999999999999
24,2.0,0.9239528607504222,1.4,0.8938975332777241
25,1.0,0.9239528607504222,1.8,0.6559414608027152
26,0.25,0.4243524478543749,1.2,0.6559414608027152
27,1.3333333333333333,1.4113613076532674,1.2,1.0222109371357755
28,1.3333333333333333,1.066888865745562,1.2,1.0222109371357755
29,0.6666666666666666,0.533444432872781,1.2,1.0222109371357755
30,0.5,0.8487048957087499,1.2,1.0222109371357755
31,0.3333333333333333,0.533444432872781,0.8,0.6559414608027152
32,1.6666666666666667,1.4113613076532674,1.2,1.0222109371357755
33,0.6666666666666666,0.533444432872781,1.4,0.8938975332777241
34,2.0,1.3859292911256331,1.6,0.8938975332777241
35,1.3333333333333333,0.533444432872781,1.8,1.1628599227765999
36,0.75,0.812573073637073,2.0,1.2396128427860047
37,1.0,1.6003332986183432,0.8,1.0222109371357755
38,0.3333333333333333,0.533444432872781,1.0,0.9601999791710057
39,3.0,1.3859292911256331,1.2,1.0222109371357755
40,1.3333333333333333,1.4113613076532674,2.8,1.1628599227765997
41,1.6666666666666667,1.4113613076532674,3.0,0.9601999791710057
42,1.5,0.6929646455628166,3.0,0.9601999791710057
43,1.6666666666666667,1.4113613076532674,2.0,0.9601999791710057
44,1.0,0.9239528607504222,1.8,1.4024618354878682
45,1.0,0.9239528607504222,1.6,1.3118829216054304
46,0.6666666666666666,0.533444432872781,1.2,0.8588289701681004
47,0.6666666666666666,1.066888865745562,1.0,0.7839999999999999
48,0.6666666666666666,1.066888865745562,0.6,0.701230917743934
49,1.3333333333333333,1.4113613076532674,1.6,1.188994869627283
50,0.6666666666666666,1.066888865745562,1.6,1.188994869627283
51,1.5,0.6929646455628166,1.8,1.0222109371357755
52,0.6666666666666666,0.533444432872781,1.4,0.8938975332777241
53,1.0,0.9239528607504222,1.4,0.8938975332777241
54,1.0,0.9239528607504222,1.0,0.7839999999999999
55,0.0,0.0,0.8,0.8588289701681004
56,1.3333333333333333,1.066888865745562,1.2,0.8588289701681004
57,3.5,0.6929646455628166,2.0,1.1087434329005064
58,0.3333333333333333,0.533444432872781,2.2,1.1628599227765997
59,0.6666666666666666,1.066888865745562,1.6,1.4242067265674598
60,0.6666666666666666,0.533444432872781,0.8,0.6559414608027152
61,1.3333333333333333,1.066888865745562,1.6,0.8938975332777241
62,0.6666666666666666,1.066888865745562,1.6,0.8938975332777241
63,2.0,0.0,1.8,0.8588289701681003
64,3.0,0.0,2.2,1.4024618354878682
65,1.3333333333333333,0.533444432872781,2.6,1.5282973532660453
66,1.0,0.9239528607504222,3.0,1.1087434329005064
67,2.5,0.6929646455628166,2.4,0.7012309177439341
68,2.5,0.6929646455628166,2.6,1.051846376615901
69,1.0,0.9239528607504222,3.0,1.466729695615385
70,1.0,0.9239528607504222,2.6,1.8049035431291056
71,1.0,0.9239528607504222,1.0,0.7839999999999999
72,1.3333333333333333,0.533444432872781,1.4,1.051846376615901
73,0.6666666666666666,1.066888865745562,1.6,1.188994869627283
74,1.3333333333333333,1.066888865745562,1.4,1.051846376615901
75,0.3333333333333333,0.533444432872781,1.0,1.1087434329005064
76,2.0,1.3859292911256331,1.6,1.188994869627283
77,1.0,1.6003332986183432,1.4,1.188994869627283
78,0.6666666666666666,1.066888865745562,1.8,1.0222109371357755
79,1.5,0.6929646455628166,1.4,0.8938975332777241
80,1.0,1.6003332986183432,2.2,0.6559414608027151
81,1.0,0.9239528607504222,1.8,0.6559414608027152
82,3.0,0.0,2.2,0.6559414608027151
83,1.0,1.6003332986183432,2.4,0.7012309177439341
84,2.5,3.4648232278140827,3.2,0.8588289701681003
85,1.0,1.6003332986183432,2.8,1.4024618354878682
86,3.0,1.3859292911256331,2.6,1.4242067265674598
87,0.25,0.4243524478543749,1.4,1.3118829216054304
88,1.5,2.0788939366884494,2.0,1.2396128427860047
89,2.0,1.6003332986183432,1.4,1.188994869627283
90,1.3333333333333333,1.066888865745562,2.2,1.0222109371357753
91,0.6666666666666666,1.066888865745562,2.0,0.9601999791710057
92,1.0,1.3859292911256331,1.8,0.8588289701681003
93,1.3333333333333333,2.133777731491124,2.0,1.1087434329005064
94,0.0,0.0,1.6,1.3118829216054304
95,2.0,2.7718585822512662,2.0,1.5679999999999998
96,0.3333333333333333,0.533444432872781,1.0,1.3579278331339997
97,1.6666666666666667,1.4113613076532674,2.0,1.2396128427860047
98,2.0,2.7718585822512662,1.2,1.0222109371357755
99,2.3333333333333335,3.7341110301094673,3.2,3.566984608881849
