,Stepsrewards,Stepsci,Episoderewards,Episodeci
0,1.5,1.442520941500215,2.2,1.4024618354878682
1,1.0,0.8854377448471461,1.4,1.051846376615901
2,1.3333333333333333,1.1928180141223619,1.6,1.3118829216054304
3,1.8333333333333333,0.8539277443628311,2.2,1.1628599227765997
4,1.6666666666666667,1.6441861659034076,2.6,1.8881220299546315
5,0.0,0.0,0.0,0.0
6,0.0,0.0,0.4,0.7012309177439341
7,0.6666666666666666,1.066888865745562,0.4,0.7012309177439341
8,1.0,1.3859292911256331,1.4,1.051846376615901
9,0.0,0.0,1.4,1.051846376615901
10,0.0,0.0,1.4,1.051846376615901
11,0.0,0.0,1.4,1.051846376615901
12,0.0,0.0,1.4,1.051846376615901
13,0.0,0.0,1.4,1.051846376615901
14,1.5,2.0788939366884494,1.6,1.188994869627283
15,0.0,0.0,1.6,1.188994869627283
16,0.0,0.0,1.6,1.188994869627283
17,0.0,0.0,1.6,1.188994869627283
18,1.6666666666666667,0.533444432872781,2.0,0.9601999791710057
19,1.5,2.0788939366884494,1.8,0.8588289701681003
20,1.0,0.0,2.0,1.1087434329005064
21,0.3333333333333333,0.533444432872781,2.4,1.8049035431291056
22,1.6666666666666667,0.533444432872781,2.6,1.4242067265674598
23,3.5,2.0788939366884494,3.2,2.681692599833173
24,1.0,1.3859292911256331,3.6,2.390878666933979
25,1.0,1.6003332986183432,1.6,1.188994869627283
26,0.5,0.8487048957087499,1.8,0.8588289701681003
27,0.0,0.0,1.8,0.8588289701681003
28,0.6666666666666666,1.066888865745562,1.2,0.8588289701681004
29,2.0,0.0,2.0,1.1087434329005064
