,Stepsrewards,Stepsci,Episoderewards,Episodeci
0,1.6666666666666667,0.533444432872781,2.0,0.0
1,1.6666666666666667,0.533444432872781,2.25,0.4243524478543749
2,1.5,0.49,2.2,0.35061545887196705
3,1.3333333333333333,1.4113613076532674,1.6,0.7012309177439341
4,1.0,0.98,1.8,0.8588289701681003
5,1.3333333333333333,1.066888865745562,2.2,0.35061545887196705
6,1.3333333333333333,1.066888865745562,1.6,0.7012309177439341
7,1.0,0.98,1.2,0.8588289701681004
8,0.75,0.812573073637073,1.2,0.8588289701681004
9,2.0,0.9239528607504222,1.8,0.8588289701681003
10,1.6666666666666667,0.533444432872781,2.0,0.9601999791710057
11,1.25,0.812573073637073,2.4,0.42941448508405017
12,2.0,0.0,2.2,0.35061545887196705
13,1.3333333333333333,1.066888865745562,2.0,0.0
14,1.3333333333333333,2.133777731491124,1.6,0.7012309177439341
15,0.0,0.0,1.6,0.7012309177439341
16,0.0,0.0,1.6,0.7012309177439341
17,0.0,0.0,1.6,0.7012309177439341
18,0.0,0.0,1.6,0.7012309177439341
19,0.0,0.0,1.6,0.7012309177439341
20,1.0,1.3859292911256331,2.0,1.1087434329005064
21,1.3333333333333333,1.4113613076532674,2.4,1.188994869627283
22,1.0,0.98,2.0,0.9601999791710057
23,1.3333333333333333,1.066888865745562,1.2,0.8588289701681004
24,1.3333333333333333,1.066888865745562,1.2,0.8588289701681004
25,1.3333333333333333,1.4113613076532674,1.8,0.8588289701681003
26,0.75,1.2730573435631247,1.8,1.2882434552521507
27,1.3333333333333333,1.4113613076532674,1.8,1.2882434552521507
28,1.5,2.0788939366884494,2.0,1.466729695615385
29,1.0,0.98,2.2,1.1628599227765997
30,3.0,0.0,2.2,1.1628599227765997
31,0.25,0.4243524478543749,1.2,1.402461835487868
32,3.0,1.3859292911256331,1.2,1.402461835487868
33,1.0,1.6003332986183432,1.8,1.4024618354878682
34,1.3333333333333333,2.133777731491124,2.6,1.3118829216054304
35,1.6666666666666667,1.4113613076532674,2.4,1.188994869627283
36,2.0,2.7718585822512662,2.6,1.3118829216054304
37,2.5,0.6929646455628166,3.0,0.7839999999999999
38,0.6666666666666666,1.066888865745562,2.8,0.6559414608027151
39,3.0,1.3859292911256331,3.0,0.7839999999999999
40,0.6666666666666666,1.066888865745562,2.6,0.7012309177439341
41,0.6666666666666666,1.066888865745562,2.0,1.1087434329005064
42,0.0,0.0,2.0,1.1087434329005064
43,0.0,0.0,2.0,1.1087434329005064
44,1.0,1.3859292911256331,1.2,0.8588289701681004
45,0.5,0.6929646455628166,1.4,1.051846376615901
46,1.3333333333333333,1.066888865745562,1.4,1.051846376615901
47,0.0,0.0,1.4,1.051846376615901
48,3.0,1.3859292911256331,2.2,1.1628599227765997
49,1.3333333333333333,1.4113613076532674,2.2,1.1628599227765997
50,0.3333333333333333,0.533444432872781,2.2,1.1628599227765997
51,2.0,0.0,1.8,0.8588289701681003
52,1.6666666666666667,1.92336125533362,2.2,1.1628599227765997
53,0.6666666666666666,1.066888865745562,2.2,1.1628599227765997
54,0.0,0.0,1.8,1.4024618354878682
55,1.3333333333333333,1.066888865745562,0.8,0.8588289701681004
56,1.0,1.6003332986183432,1.4,1.051846376615901
57,1.3333333333333333,1.066888865745562,1.8,0.8588289701681003
58,1.3333333333333333,0.533444432872781,2.0,0.9601999791710057
59,1.5,2.0788939366884494,2.2,1.1628599227765997
60,1.0,1.3859292911256331,2.2,1.1628599227765997
61,1.0,1.3859292911256331,2.2,1.1628599227765997
62,0.0,0.0,2.0,1.1087434329005064
63,1.0,1.3859292911256331,1.6,1.3118829216054304
64,0.0,0.0,1.6,1.3118829216054304
65,1.0,0.9239528607504222,1.8,0.8588289701681003
66,0.6666666666666666,1.066888865745562,1.4,1.051846376615901
67,2.0,0.0,1.4,1.051846376615901
68,1.0,1.3859292911256331,2.2,1.1628599227765997
69,2.0,0.0,2.2,1.1628599227765997
70,0.0,0.0,2.2,1.1628599227765997
71,0.0,0.0,2.2,1.1628599227765997
72,0.0,0.0,2.2,1.1628599227765997
73,0.0,0.0,2.2,1.1628599227765997
74,0.0,0.0,2.2,1.1628599227765997
75,0.0,0.0,2.2,1.1628599227765997
76,0.0,0.0,2.2,1.1628599227765997
77,0.0,0.0,2.2,1.1628599227765997
78,0.5,0.6929646455628166,2.0,1.1087434329005064
79,2.0,0.0,2.0,1.1087434329005064
80,0.0,0.0,2.0,1.1087434329005064
81,0.0,0.0,2.0,1.1087434329005064
82,1.0,0.0,2.0,1.1087434329005064
83,0.0,0.0,2.0,1.1087434329005064
84,0.0,0.0,2.0,1.1087434329005064
85,0.0,0.0,2.0,1.1087434329005064
86,0.0,0.0,2.0,1.1087434329005064
87,1.0,1.3859292911256331,2.4,1.3118829216054304
88,0.75,0.812573073637073,2.0,1.1087434329005064
89,2.0,0.9239528607504222,1.8,0.8588289701681003
90,1.3333333333333333,0.533444432872781,2.4,0.42941448508405017
91,1.0,0.6929646455628166,1.8,0.8588289701681003
92,1.0,0.6929646455628166,1.4,0.7012309177439341
93,0.5,0.49,0.8,0.6559414608027152
94,0.75,0.812573073637073,0.8,0.6559414608027152
95,1.0,0.6929646455628166,1.2,0.6559414608027152
96,1.3333333333333333,1.4113613076532674,1.6,0.8938975332777241
97,1.25,0.812573073637073,2.0,0.5543717164502532
98,1.6666666666666667,0.533444432872781,1.6,0.42941448508405017
99,1.0,1.200249973963757,1.8,0.6559414608027152
