,Stepsrewards,Stepsci,Episoderewards,Episodeci
0,-199.0,0.0,-199.0,0.0
1,-199.0,0.0,-199.0,0.0
2,-199.0,0.0,-199.0,0.0
3,-199.0,0.0,-199.0,0.0
4,-199.0,0.0,-199.0,0.0
5,-199.0,0.0,-199.0,0.0
6,-199.0,0.0,-199.0,0.0
7,-199.0,0.0,-199.0,0.0
8,-199.0,0.0,-199.0,0.0
9,-199.0,0.0,-199.0,0.0
10,-199.0,0.0,-199.0,0.0
11,-199.0,0.0,-199.0,0.0
12,-199.0,0.0,-199.0,0.0
13,-199.0,0.0,-199.0,0.0
14,-199.0,0.0,-199.0,0.0
15,-199.0,0.0,-199.0,0.0
16,-199.0,0.0,-199.0,0.0
17,-199.0,0.0,-199.0,0.0
18,-199.0,0.0,-199.0,0.0
19,-199.0,0.0,-199.0,0.0
20,-199.0,0.0,-199.0,0.0
21,-199.0,0.0,-199.0,0.0
22,-199.0,0.0,-199.0,0.0
23,-199.0,0.0,-199.0,0.0
24,-199.0,0.0,-199.0,0.0
25,-199.0,0.0,-199.0,0.0
26,-199.0,0.0,-199.0,0.0
27,-199.0,0.0,-199.0,0.0
28,-199.0,0.0,-199.0,0.0
29,-199.0,0.0,-199.0,0.0
30,-199.0,0.0,-199.0,0.0
31,-199.0,0.0,-199.0,0.0
32,-199.0,0.0,-199.0,0.0
33,-199.0,0.0,-199.0,0.0
34,-199.0,0.0,-199.0,0.0
35,-199.0,0.0,-199.0,0.0
36,-199.0,0.0,-199.0,0.0
37,-199.0,0.0,-199.0,0.0
38,-199.0,0.0,-199.0,0.0
39,-199.0,0.0,-199.0,0.0
40,-199.0,0.0,-199.0,0.0
41,-199.0,0.0,-199.0,0.0
42,-199.0,0.0,-199.0,0.0
43,-199.0,0.0,-199.0,0.0
44,-199.0,0.0,-199.0,0.0
45,-199.0,0.0,-199.0,0.0
46,-199.0,0.0,-199.0,0.0
47,-199.0,0.0,-199.0,0.0
48,-199.0,0.0,-199.0,0.0
49,-199.0,0.0,-199.0,0.0
50,-199.0,0.0,-199.0,0.0
51,-199.0,0.0,-199.0,0.0
52,-199.0,0.0,-199.0,0.0
53,-199.0,0.0,-199.0,0.0
54,-199.0,0.0,-199.0,0.0
55,-199.0,0.0,-199.0,0.0
56,-199.0,0.0,-199.0,0.0
57,-199.0,0.0,-199.0,0.0
58,-199.0,0.0,-199.0,0.0
59,-199.0,0.0,-199.0,0.0
60,-199.0,0.0,-199.0,0.0
61,-199.0,0.0,-199.0,0.0
62,-199.0,0.0,-199.0,0.0
63,-199.0,0.0,-199.0,0.0
64,-199.0,0.0,-199.0,0.0
65,-199.0,0.0,-199.0,0.0
66,-199.0,0.0,-199.0,0.0
67,-199.0,0.0,-199.0,0.0
68,-199.0,0.0,-199.0,0.0
69,-199.0,0.0,-199.0,0.0
70,-199.0,0.0,-199.0,0.0
71,-199.0,0.0,-199.0,0.0
72,-199.0,0.0,-199.0,0.0
73,-199.0,0.0,-199.0,0.0
74,-199.0,0.0,-199.0,0.0
75,-199.0,0.0,-199.0,0.0
76,-199.0,0.0,-199.0,0.0
77,-199.0,0.0,-199.0,0.0
78,-199.0,0.0,-199.0,0.0
79,-199.0,0.0,-199.0,0.0
80,-199.0,0.0,-199.0,0.0
81,-199.0,0.0,-199.0,0.0
82,-199.0,0.0,-199.0,0.0
83,-199.0,0.0,-199.0,0.0
84,-199.0,0.0,-199.0,0.0
85,-199.0,0.0,-199.0,0.0
86,-199.0,0.0,-199.0,0.0
87,-199.0,0.0,-199.0,0.0
88,-199.0,0.0,-199.0,0.0
89,-199.0,0.0,-199.0,0.0
90,-199.0,0.0,-199.0,0.0
91,-199.0,0.0,-199.0,0.0
92,-199.0,0.0,-199.0,0.0
93,-199.0,0.0,-199.0,0.0
94,-199.0,0.0,-199.0,0.0
95,-199.0,0.0,-199.0,0.0
96,-199.0,0.0,-199.0,0.0
97,-199.0,0.0,-199.0,0.0
98,-199.0,0.0,-199.0,0.0
99,-199.0,0.0,-199.0,0.0
100,-199.0,0.0,-199.0,0.0
101,-199.0,0.0,-199.0,0.0
102,-199.0,0.0,-199.0,0.0
103,-199.0,0.0,-199.0,0.0
104,-199.0,0.0,-199.0,0.0
105,-199.0,0.0,-199.0,0.0
106,-199.0,0.0,-199.0,0.0
107,-199.0,0.0,-199.0,0.0
108,-199.0,0.0,-199.0,0.0
109,-199.0,0.0,-199.0,0.0
110,-199.0,0.0,-199.0,0.0
111,-199.0,0.0,-199.0,0.0
112,-199.0,0.0,-199.0,0.0
113,-199.0,0.0,-199.0,0.0
114,-199.0,0.0,-199.0,0.0
115,-199.0,0.0,-199.0,0.0
116,-199.0,0.0,-199.0,0.0
117,-199.0,0.0,-199.0,0.0
118,-199.0,0.0,-199.0,0.0
119,-199.0,0.0,-199.0,0.0
120,-199.0,0.0,-199.0,0.0
121,-199.0,0.0,-199.0,0.0
122,-199.0,0.0,-199.0,0.0
123,-199.0,0.0,-199.0,0.0
124,-199.0,0.0,-199.0,0.0
125,-199.0,0.0,-199.0,0.0
126,-199.0,0.0,-199.0,0.0
127,-199.0,0.0,-199.0,0.0
128,-199.0,0.0,-199.0,0.0
129,-199.0,0.0,-199.0,0.0
130,-199.0,0.0,-199.0,0.0
131,-199.0,0.0,-199.0,0.0
132,-199.0,0.0,-199.0,0.0
133,-199.0,0.0,-199.0,0.0
134,-199.0,0.0,-199.0,0.0
135,-199.0,0.0,-199.0,0.0
136,-199.0,0.0,-199.0,0.0
137,-199.0,0.0,-199.0,0.0
138,-199.0,0.0,-199.0,0.0
139,-199.0,0.0,-199.0,0.0
140,-199.0,0.0,-199.0,0.0
141,-199.0,0.0,-199.0,0.0
142,-199.0,0.0,-199.0,0.0
143,-199.0,0.0,-199.0,0.0
144,-199.0,0.0,-199.0,0.0
145,-199.0,0.0,-199.0,0.0
146,-199.0,0.0,-199.0,0.0
147,-199.0,0.0,-199.0,0.0
148,-199.0,0.0,-199.0,0.0
149,-199.0,0.0,-199.0,0.0
150,-199.0,0.0,-199.0,0.0
151,-199.0,0.0,-199.0,0.0
152,-199.0,0.0,-199.0,0.0
153,-199.0,0.0,-199.0,0.0
154,-199.0,0.0,-199.0,0.0
155,-199.0,0.0,-199.0,0.0
156,-199.0,0.0,-199.0,0.0
157,-199.0,0.0,-199.0,0.0
158,-199.0,0.0,-199.0,0.0
159,-199.0,0.0,-199.0,0.0
160,-199.0,0.0,-199.0,0.0
161,-199.0,0.0,-199.0,0.0
162,-199.0,0.0,-199.0,0.0
163,-199.0,0.0,-199.0,0.0
164,-199.0,0.0,-199.0,0.0
165,-199.0,0.0,-199.0,0.0
166,-199.0,0.0,-199.0,0.0
167,-199.0,0.0,-199.0,0.0
168,-199.0,0.0,-199.0,0.0
169,-199.0,0.0,-199.0,0.0
170,-199.0,0.0,-199.0,0.0
171,-199.0,0.0,-199.0,0.0
172,-199.0,0.0,-199.0,0.0
173,-199.0,0.0,-199.0,0.0
174,-199.0,0.0,-199.0,0.0
175,-199.0,0.0,-199.0,0.0
176,-199.0,0.0,-199.0,0.0
177,-199.0,0.0,-199.0,0.0
178,-199.0,0.0,-199.0,0.0
179,-199.0,0.0,-199.0,0.0
180,-199.0,0.0,-199.0,0.0
181,-199.0,0.0,-199.0,0.0
182,-199.0,0.0,-199.0,0.0
183,-199.0,0.0,-199.0,0.0
184,-199.0,0.0,-199.0,0.0
185,-199.0,0.0,-199.0,0.0
186,-199.0,0.0,-199.0,0.0
187,-199.0,0.0,-199.0,0.0
188,-199.0,0.0,-199.0,0.0
189,-199.0,0.0,-199.0,0.0
190,-199.0,0.0,-199.0,0.0
191,-199.0,0.0,-199.0,0.0
192,-199.0,0.0,-199.0,0.0
193,-199.0,0.0,-199.0,0.0
194,-199.0,0.0,-199.0,0.0
195,-199.0,0.0,-199.0,0.0
196,-199.0,0.0,-199.0,0.0
197,-199.0,0.0,-199.0,0.0
198,-199.0,0.0,-199.0,0.0
199,-199.0,0.0,-199.0,0.0
