,Stepsrewards,Stepsci,Episoderewards,Episodeci
0,-199.0,0.0,-199.0,0.0
1,-199.0,0.0,-199.0,0.0
2,-199.0,0.0,-199.0,0.0
3,-199.0,0.0,-199.0,0.0
4,-199.0,0.0,-199.0,0.0
5,-199.0,0.0,-199.0,0.0
6,-199.0,0.0,-199.0,0.0
7,-199.0,0.0,-199.0,0.0
8,-199.0,0.0,-199.0,0.0
9,-199.0,0.0,-199.0,0.0
10,-199.0,0.0,-199.0,0.0
11,-199.0,0.0,-199.0,0.0
12,-199.0,0.0,-199.0,0.0
13,-199.0,0.0,-199.0,0.0
14,-199.0,0.0,-199.0,0.0
15,-199.0,0.0,-199.0,0.0
16,-199.0,0.0,-199.0,0.0
17,-199.0,0.0,-199.0,0.0
18,-199.0,0.0,-199.0,0.0
19,-199.0,0.0,-199.0,0.0
20,-132.33333333333334,97.24503270185674,-196.6,4.207385506463605
21,-132.33333333333334,85.99382372309374,-184.8,12.25148950944333
22,-132.33333333333334,71.6306832662176,-182.4,13.676250246321173
23,-199.0,0.0,-183.8,16.355374994172404
24,-132.33333333333334,64.48061299221536,-164.8,21.56641359150844
25,-132.33333333333334,18.486755218764557,-158.4,31.41678858190315
26,-132.33333333333334,63.35873829645378,-175.2,20.57458595452166
27,-132.33333333333334,81.71804605992395,-192.2,11.487673532965673
28,-132.33333333333334,57.07855431738757,-176.8,10.15272432404229
29,-132.33333333333334,41.83714599713018,-142.6,32.49866773884739
30,-99.0,57.26504867718179,-147.0,41.240188554370114
31,-132.33333333333334,83.8373734392078,-175.8,10.538896488722147
32,-132.33333333333334,37.34111030109467,-150.4,27.020147978869396
33,-99.0,59.121703290754404,-129.0,36.072520732546536
34,-132.33333333333334,44.46828116342737,-151.6,38.9467338399512
35,-132.33333333333334,55.96846519511051,-123.6,31.3972179149682
36,-132.33333333333334,24.381386950492164,-134.0,27.52387182065779
37,-132.33333333333334,25.224646383749075,-147.8,2.0293336837494222
38,-132.33333333333334,16.276612624207733,-149.6,14.107643772083273
39,-132.33333333333334,55.60886366865016,-146.0,26.97119530165469
40,-132.33333333333334,56.1588044612643,-152.4,27.353624052399343
41,-132.33333333333334,59.286775241351414,-156.2,30.67835176798128
42,-99.0,61.59594304822356,-142.8,37.57642563097241
43,-99.0,41.09578323867304,-129.4,19.176774619314898
44,-132.33333333333334,15.497455944145825,-134.8,9.116001930671143
45,-132.33333333333334,26.138777210766268,-140.4,11.342288164210958
46,-132.33333333333334,21.890729307851522,-138.2,23.027456029705057
47,-132.33333333333334,18.019054934727873,-145.4,8.563203886396726
48,-132.33333333333334,32.27669449320062,-138.4,23.861178780605115
49,-99.0,58.88976481528857,-125.2,27.397406942993708
50,-132.33333333333334,12.813774995278699,-145.4,13.540749048704802
51,-132.33333333333334,27.037793028497198,-130.4,22.726535961294235
52,-99.0,30.99806768171203,-116.2,4.272620179702381
53,-99.0,41.165832920032116,-128.8,19.135061515448545
54,-99.0,10.113486045869644,-107.4,12.673184793097588
55,-99.0,11.80076268721645,-117.4,16.975003175257434
56,-132.33333333333334,42.98450091042722,-152.8,11.567653660098921
57,-132.33333333333334,21.477349998613956,-141.0,17.33686199979685
58,-132.33333333333334,26.81586484541208,-135.6,15.268890621128962
59,-132.33333333333334,27.677490787574953,-149.8,26.984865447135363
60,-132.33333333333334,59.78148753461938,-148.8,19.07070935230255
61,-132.33333333333334,18.019054934727873,-144.0,26.102608605271616
62,-132.33333333333334,24.797995139989908,-139.8,17.803878768403248
63,-132.33333333333334,36.04995217544473,-139.4,22.406495058353055
64,-132.33333333333334,16.144958162661002,-141.2,3.8567700475916373
65,-132.33333333333334,61.63765179270313,-151.4,17.30670011296203
66,-99.0,53.895545270458115,-135.0,17.99788076413443
67,-132.33333333333334,24.311258175464186,-153.4,26.659458599153883
68,-132.33333333333334,29.68655413308012,-145.4,23.2214923895946
69,-132.33333333333334,49.879193910739836,-146.4,21.186865667200514
70,-132.33333333333334,73.60566725362831,-148.8,29.17912766345148
71,-132.33333333333334,36.32125956373618,-158.4,4.170703154145593
72,-99.0,61.028118109605835,-135.4,22.760318029412506
73,-132.33333333333334,54.89036939073969,-139.0,33.74389189171871
74,-132.33333333333334,46.62377584531389,-152.2,11.353121297687258
75,-132.33333333333334,30.953570008906834,-169.2,20.819592003687298
76,-132.33333333333334,7.525159774358922,-144.8,5.7984207505147465
77,-132.33333333333334,21.675180549463757,-143.2,12.264025570749597
78,-132.33333333333334,36.56721705247698,-130.8,22.541874704646904
79,-132.33333333333334,39.64751956185163,-139.2,25.467332235630803
80,-132.33333333333334,20.291934540782638,-131.8,16.242239845538545
81,-132.33333333333334,46.32988700212455,-153.0,14.456245709035246
82,-132.33333333333334,32.775374676503475,-130.4,37.90297440571122
83,-132.33333333333334,23.760743223193135,-153.6,10.110256811772881
84,-99.0,56.22416384438278,-144.0,26.04957243411108
85,-132.33333333333334,88.55659600671368,-169.6,28.696970376679133
86,-132.33333333333334,38.50049966005733,-142.2,34.52894790172443
87,-99.0,51.07765264770886,-138.6,20.7323163394735
88,-132.33333333333334,35.501117770613405,-122.0,28.494921933565635
89,-132.33333333333334,23.95753527173228,-130.6,22.935182685123742
90,-99.0,61.39682402209417,-119.4,26.883313129151322
91,-99.0,40.28145727254663,-130.2,29.45691557512429
92,-132.33333333333334,38.58909153096488,-128.4,28.707677802288362
93,-99.0,52.212023519492135,-111.2,22.792701709099777
94,-99.0,29.797479759201114,-116.6,22.192878425296705
95,-99.0,39.910191680822585,-124.8,23.9177829072847
96,-99.0,56.189990211780604,-127.2,25.76725463063537
97,-132.33333333333334,35.11426089950518,-138.4,22.52277950875513
98,-132.33333333333334,62.68142332166389,-135.2,36.36695361451107
99,-132.33333333333334,84.5522046934231,-176.8,10.953577096090573
100,-132.33333333333334,69.75895089255306,-143.8,27.531686820825197
101,-132.33333333333334,37.89708793659579,-162.8,32.4077568986192
102,-132.33333333333334,79.61736345146682,-160.0,27.14723823890747
103,-132.33333333333334,50.685643229909104,-155.0,15.797162276814147
104,-132.33333333333334,44.28552744114877,-147.8,20.136746589258152
105,-99.0,65.81705098224928,-141.0,36.57593175846652
106,-132.33333333333334,32.435000756498745,-149.2,11.120646887659007
107,-132.33333333333334,58.686161407445454,-161.6,5.882612752850555
108,-132.33333333333334,36.28598668397525,-153.0,27.878890078337047
109,-132.33333333333334,59.89561982377405,-157.4,13.9543190733192
110,-99.0,34.703625170866516,-139.4,33.87388110034042
111,-132.33333333333334,33.08645823472979,-157.0,3.0364189434266144
112,-99.0,29.84578697236848,-124.8,25.316038615865633
113,-99.0,39.68092488841458,-115.2,26.08140707860678
114,-99.0,49.52637277249365,-139.4,21.6247609189096
115,-132.33333333333334,58.686161407445454,-146.4,31.974322898225694
116,-132.33333333333334,60.625202924440835,-178.2,13.146910937554873
117,-132.33333333333334,88.18467356548899,-170.4,14.03119085466376
118,-132.33333333333334,50.15228837879314,-178.4,34.38713731615355
119,-132.33333333333334,52.40803104981639,-177.8,13.963125839152205
120,-132.33333333333334,58.189472383725025,-136.6,35.343533903671826
121,-132.33333333333334,36.46200985907062,-145.6,25.833959913261456
122,-132.33333333333334,34.401996496758194,-147.2,25.467332235630803
123,-132.33333333333334,41.89831641627762,-157.2,3.29839524617654
124,-132.33333333333334,42.675554629822486,-161.8,17.30492424716156
125,-132.33333333333334,44.42986916561958,-183.4,16.893335395948306
126,-132.33333333333334,29.92998842979074,-145.2,18.356318236509196
127,-132.33333333333334,29.68655413308012,-150.0,6.652460597403039
128,-132.33333333333334,40.10778514988866,-152.2,9.349015092511081
129,-132.33333333333334,38.67748048020058,-137.2,17.472825621518687
130,-132.33333333333334,74.49337111945427,-153.8,28.567092452680583
131,-99.0,27.968657457947458,-126.2,25.850609339046535
132,-132.33333333333334,39.57208593421865,-153.2,33.61797119399087
133,-132.33333333333334,78.27649531320702,-161.0,35.253856980478034
134,-132.33333333333334,75.61374909268719,-165.0,27.434399428454782
135,-132.33333333333334,42.30385885559465,-155.2,27.980124145543023
136,-132.33333333333334,47.48554431106922,-174.0,11.8640728251305
137,-132.33333333333334,36.6837600560773,-137.2,27.99659499296298
138,-132.33333333333334,39.81940267796128,-137.6,33.26045502996012
139,-99.0,36.451521230258685,-133.8,31.43048079810425
140,-132.33333333333334,76.9344502133448,-142.8,34.55563935452504
141,-132.33333333333334,37.30680168349804,-132.6,30.664323713396968
142,-132.33333333333334,32.27669449320062,-132.6,31.441234784912623
143,-132.33333333333334,30.6765336783431,-149.4,19.240772042722195
144,-132.33333333333334,11.023084195686124,-144.0,4.111330684826994
145,-99.0,35.89396328075238,-128.0,23.526532426177894
146,-99.0,60.36354529018321,-113.4,28.319660110954718
147,-99.0,59.88433518041258,-129.6,35.417368123563335
148,-99.0,13.129805786834776,-129.2,40.705382680918255
149,-132.33333333333334,73.67522323358456,-175.0,15.343182459972246
150,-99.0,16.66,-117.8,31.007175221229033
151,-132.33333333333334,84.5522046934231,-147.8,36.552397283899175
152,-132.33333333333334,71.57703252570049,-123.2,38.59319135806211
153,-132.33333333333334,57.96899196665084,-148.0,27.209431306074734
154,-99.0,16.088126056194362,-105.8,23.36530460319317
155,-132.33333333333334,35.836191927321906,-118.6,28.782518249798777
156,-132.33333333333334,63.29133297403073,-139.0,33.18830444599423
157,-132.33333333333334,39.744295281303046,-130.2,28.58322506646162
158,-99.0,33.435095334094676,-112.6,29.337736736156042
159,-132.33333333333334,21.11658502132774,-151.6,6.40773133019792
160,-99.0,14.419660190170918,-123.6,35.998322805375246
161,-99.0,28.05437220826729,-126.0,22.306143369036253
162,-132.33333333333334,42.51522010693042,-143.8,27.166476753528414
163,-99.0,10.956733089748969,-115.2,22.136028623038957
164,-99.0,3.464823227814083,-126.0,30.550861460849177
165,-132.33333333333334,9.879529153572872,-140.2,22.78595890455348
166,-99.0,20.416013322879667,-125.8,21.85659267132002
167,-99.0,31.868840581357833,-104.0,19.81054910899746
168,-99.0,57.641164110382086,-116.4,31.06757661614436
169,-132.33333333333334,49.259195945378416,-129.0,29.350304666221103
170,-99.0,23.53020611894422,-129.0,25.124723122852515
171,-99.0,17.26858998297197,-111.0,18.226946206098265
172,-132.33333333333334,83.8373734392078,-134.2,36.87884666309401
173,-99.0,9.47614900684872,-101.8,9.166431977601754
174,-99.0,47.024685006919505,-119.4,22.988719598968533
175,-132.33333333333334,40.741327457054744,-147.4,41.61334339848217
176,-99.0,54.015694015721024,-133.4,19.46310593918658
177,-132.33333333333334,37.88582301052975,-133.8,34.92717800223774
178,-99.0,44.62498627450769,-102.6,31.304090160871947
179,-99.0,24.342695002813475,-101.4,29.195974736254314
180,-99.0,32.70910576582612,-113.2,28.882713224349263
181,-99.0,36.133970166589776,-133.0,28.543414792207326
182,-132.33333333333334,79.63880535592256,-138.0,38.062372390590674
183,-132.33333333333334,37.88582301052975,-147.8,20.885913032472388
184,-132.33333333333334,35.47706280380586,-127.8,28.87739245846134
185,-132.33333333333334,74.96175578006181,-135.2,39.322895356267956
186,-99.0,42.745303835626196,-139.6,32.24709321473798
187,-132.33333333333334,50.81180731840743,-129.4,32.59781116578228
188,-132.33333333333334,29.252022658777452,-136.2,22.98738269573115
189,-132.33333333333334,53.98868797840553,-136.8,33.85482304192418
190,-99.0,28.326916528277483,-121.4,39.886264863985446
191,-99.0,32.75311893545407,-102.4,22.685931076330107
192,-132.33333333333334,30.368874904463667,-118.0,28.04923670975736
193,-132.33333333333334,47.18797712537787,-144.8,26.577484365530154
194,-99.0,63.26505354459126,-121.4,27.342386377198313
195,-132.33333333333334,36.28598668397525,-130.6,27.065605864269877
196,-132.33333333333334,29.92998842979074,-152.0,2.352
197,-132.33333333333334,36.56721705247698,-129.8,32.1076477369489
198,-132.33333333333334,40.022555122312205,-142.0,25.80658396611221
199,-132.33333333333334,56.52245912188523,-149.8,27.947153329095972
