,Stepsrewards,Stepsci,Episoderewards,Episodeci
0,-199.0,0.0,-199.0,0.0
1,-199.0,0.0,-199.0,0.0
2,-199.0,0.0,-199.0,0.0
3,-199.0,0.0,-199.0,0.0
4,-199.0,0.0,-199.0,0.0
5,-199.0,0.0,-199.0,0.0
6,-199.0,0.0,-199.0,0.0
7,-199.0,0.0,-199.0,0.0
8,-199.0,0.0,-199.0,0.0
9,-199.0,0.0,-199.0,0.0
10,-199.0,0.0,-199.0,0.0
11,-199.0,0.0,-199.0,0.0
12,-199.0,0.0,-199.0,0.0
13,-199.0,0.0,-199.0,0.0
14,-199.0,0.0,-199.0,0.0
15,-199.0,0.0,-199.0,0.0
16,-199.0,0.0,-199.0,0.0
17,-199.0,0.0,-199.0,0.0
18,-199.0,0.0,-199.0,0.0
19,-199.0,0.0,-199.0,0.0
20,-199.0,0.0,-199.0,0.0
21,-199.0,0.0,-199.0,0.0
22,-199.0,0.0,-199.0,0.0
23,-199.0,0.0,-199.0,0.0
24,-199.0,0.0,-199.0,0.0
25,-199.0,0.0,-199.0,0.0
26,-199.0,0.0,-199.0,0.0
27,-199.0,0.0,-199.0,0.0
28,-199.0,0.0,-199.0,0.0
29,-199.0,0.0,-199.0,0.0
30,-199.0,0.0,-199.0,0.0
31,-199.0,0.0,-199.0,0.0
32,-199.0,0.0,-199.0,0.0
33,-199.0,0.0,-199.0,0.0
34,-199.0,0.0,-199.0,0.0
35,-199.0,0.0,-199.0,0.0
36,-199.0,0.0,-199.0,0.0
37,-199.0,0.0,-199.0,0.0
38,-199.0,0.0,-199.0,0.0
39,-199.0,0.0,-199.0,0.0
40,-199.0,0.0,-199.0,0.0
41,-199.0,0.0,-199.0,0.0
42,-165.66666666666666,56.13853235358772,-197.0,3.50615458871967
43,-199.0,0.0,-199.0,0.0
44,-199.0,0.0,-199.0,0.0
45,-199.0,0.0,-199.0,0.0
46,-199.0,0.0,-199.0,0.0
47,-199.0,0.0,-199.0,0.0
48,-199.0,0.0,-199.0,0.0
49,-199.0,0.0,-199.0,0.0
50,-199.0,0.0,-199.0,0.0
51,-199.0,0.0,-199.0,0.0
52,-199.0,0.0,-199.0,0.0
53,-199.0,0.0,-199.0,0.0
54,-199.0,0.0,-199.0,0.0
55,-165.66666666666666,55.457700129952244,-196.6,4.207385506463605
56,-199.0,0.0,-199.0,0.0
57,-199.0,0.0,-199.0,0.0
58,-199.0,0.0,-199.0,0.0
59,-165.66666666666666,53.64432965098644,-195.6,3.6605328573856557
60,-199.0,0.0,-199.0,0.0
61,-165.66666666666666,50.59784419357249,-193.6,9.466617389543108
62,-165.66666666666666,55.797242199207645,-196.8,3.8567700475916373
63,-165.66666666666666,43.00766512215304,-189.4,8.177687497086204
64,-165.66666666666666,52.16584720691131,-194.6,7.713540095183275
65,-165.66666666666666,33.09720722245196,-183.2,12.658626276180208
66,-165.66666666666666,37.858585600940025,-180.4,32.607237675092925
67,-165.66666666666666,29.4640536800227,-167.2,35.20325875824566
68,-165.66666666666666,19.695950326380785,-173.0,17.626928490239017
69,-165.66666666666666,22.780950456548204,-164.6,27.24103868797957
70,-141.85714285714286,47.49847997567922,-162.8,34.65776615998209
71,-141.85714285714286,34.16557331583944,-156.8,28.42148685765753
72,-141.85714285714286,30.442654286379167,-159.0,32.0290628023987
73,-165.66666666666666,12.061625711935138,-168.8,12.81546266039584
74,-165.66666666666666,15.541004305218333,-171.2,14.375233813750647
75,-165.66666666666666,18.273878543895304,-174.8,9.814101853965036
76,-165.66666666666666,12.899542340431795,-169.6,12.972771978262779
77,-165.66666666666666,16.100834116879142,-171.8,14.138109180509254
78,-165.66666666666666,19.86856739602457,-175.4,11.476967404327677
79,-141.85714285714286,29.35978201553955,-148.8,25.43714550023253
80,-141.85714285714286,33.891403039709054,-168.8,14.321686604586764
81,-165.66666666666666,15.13751386212168,-172.6,10.409796001843649
82,-141.85714285714286,39.9123840430511,-164.2,2.17551170992022
83,-141.85714285714286,30.773079143953076,-155.6,21.646068206489602
84,-165.66666666666666,26.52109544690234,-178.6,15.548125443280938
85,-165.66666666666666,25.968116633315585,-179.0,12.309049678996342
86,-165.66666666666666,24.14977831352894,-165.2,28.96240741374929
87,-165.66666666666666,20.367171115774994,-175.2,13.355641923921139
88,-141.85714285714286,46.04860041304187,-157.0,27.67420054852533
89,-141.85714285714286,25.07971291701721,-152.6,28.487371180928573
90,-141.85714285714286,31.009108339325078,-160.4,30.704386865723276
91,-165.66666666666666,27.42314297031561,-172.8,29.12641775433429
92,-141.85714285714286,28.75813624002779,-154.2,34.78610738786391
93,-165.66666666666666,5.800824973257716,-167.8,5.241671794380109
94,-141.85714285714286,31.96032540510187,-147.0,40.20246201416027
95,-165.66666666666666,8.090085381594033,-169.6,4.788180113571335
96,-141.85714285714286,34.06445654931251,-156.8,20.84909406185314
97,-141.85714285714286,29.556725123057866,-146.2,27.053112560295162
98,-141.85714285714286,27.378297974855926,-165.0,3.718838528358013
99,-165.66666666666666,32.84475898210539,-183.4,10.185967445461428
100,-141.85714285714286,33.53794269182295,-155.6,20.448727999560266
101,-141.85714285714286,38.30872485478993,-156.4,31.4510079456923
102,-141.85714285714286,40.83476949855355,-163.0,21.748052602474548
103,-141.85714285714286,36.06336645406249,-161.8,10.000226557433585
104,-141.85714285714286,43.722031059867284,-165.8,25.61173331112129
105,-141.85714285714286,44.27441699220894,-158.8,5.241671794380109
106,-141.85714285714286,13.236797195696548,-134.8,14.148973786109012
107,-124.0,28.730885819967334,-147.0,9.424319179654306
108,-165.66666666666666,21.941043562068618,-176.2,13.48160892475375
109,-141.85714285714286,21.729979291292477,-136.2,16.467732910148865
110,-165.66666666666666,16.31154101764669,-171.0,15.874790077352204
111,-165.66666666666666,25.20066254273075,-160.2,27.870069737982355
112,-141.85714285714286,40.383006326919244,-164.8,24.86899409304687
113,-141.85714285714286,25.61174730470375,-155.8,15.693714002746448
114,-141.85714285714286,43.63228162725392,-161.4,19.44730924318323
115,-165.66666666666666,20.140618255249855,-160.8,21.793225809870364
116,-141.85714285714286,23.25324923532193,-151.4,8.775898632049028
117,-165.66666666666666,27.02726634208362,-174.4,26.462758374742414
118,-141.85714285714286,18.701101571832606,-151.8,20.477263567185922
119,-141.85714285714286,21.336766390435077,-154.2,21.961797813476018
120,-165.66666666666666,15.745649604937915,-170.6,15.64664452206926
121,-141.85714285714286,29.641484443259582,-151.0,10.849268362428868
122,-141.85714285714286,36.032918283147694,-160.4,20.486266541271007
123,-141.85714285714286,27.378297974855926,-152.8,25.838717986773258
124,-141.85714285714286,13.518106376264393,-147.4,15.996289969864884
125,-141.85714285714286,37.63980871364784,-156.6,24.47788121549739
126,-141.85714285714286,18.229821721563816,-136.4,16.893335395948306
127,-141.85714285714286,25.99458405129807,-153.4,31.03788570118783
128,-124.0,33.884483174456115,-146.8,20.73824494020649
129,-124.0,12.880570639533017,-116.0,8.278535136121608
130,-141.85714285714286,34.95052503182177,-160.4,35.173563891081606
131,-141.85714285714286,26.620413219933308,-156.0,22.49820472837777
132,-141.85714285714286,37.612721252257195,-161.6,28.49276477985244
133,-141.85714285714286,38.1035221469092,-165.8,34.36836387144432
134,-141.85714285714286,42.46858603721108,-151.2,36.17631207295735
135,-141.85714285714286,33.187804989182396,-165.6,18.894237343698208
136,-141.85714285714286,33.00303016391071,-158.8,18.62226933539519
137,-165.66666666666666,30.916775261863783,-181.8,13.286429287058281
138,-141.85714285714286,36.35135210690243,-149.8,24.457784429502194
139,-165.66666666666666,22.583356047549053,-176.6,13.540749048704802
140,-141.85714285714286,30.622397032237693,-153.8,22.90702571701529
141,-141.85714285714286,38.7785920322025,-159.4,32.403963411903796
142,-141.85714285714286,38.76848204405223,-160.2,29.32097111625057
143,-165.66666666666666,9.037121796809556,-170.0,5.571366798192343
144,-141.85714285714286,46.67597240551074,-165.0,25.717112124031342
145,-141.85714285714286,45.884864606970346,-165.0,33.063056362048556
146,-141.85714285714286,42.9714323708205,-155.4,24.10465342625776
147,-141.85714285714286,36.41814932145784,-159.2,19.759288732138106
148,-165.66666666666666,21.523673099722167,-170.6,23.556558254549834
149,-141.85714285714286,28.371140266122545,-151.2,19.90649952151307
150,-141.85714285714286,43.4504223224585,-162.6,25.952650053510915
151,-141.85714285714286,30.06169655891031,-144.8,28.30772027557147
152,-110.11111111111111,29.736747261980558,-125.2,30.718396624824024
153,-141.85714285714286,22.551487755800057,-140.2,30.618186282012196
154,-141.85714285714286,42.89656396496111,-162.8,25.986968795917697
155,-141.85714285714286,24.48496681639573,-145.0,30.92579402375952
156,-141.85714285714286,41.34421362173913,-168.0,26.406954235579686
157,-141.85714285714286,26.078895682141138,-149.2,27.492589605200887
158,-141.85714285714286,33.59166563301081,-141.0,35.777382799752125
159,-124.0,24.573390079514873,-143.0,22.16100503136083
160,-124.0,18.370099346492385,-123.4,29.269566665736615
161,-124.0,22.049999999999997,-144.8,16.85508834743977
162,-124.0,31.674245847375747,-140.8,20.58205323090969
163,-124.0,18.693997699796583,-124.6,24.08552122749267
164,-124.0,26.96113406368508,-133.4,33.2419698092637
165,-124.0,19.706896001146397,-133.0,14.792482415064752
166,-124.0,32.61538057420149,-144.8,20.492266326592574
167,-124.0,19.651993537552368,-112.4,21.510765602367574
168,-124.0,18.58450564314262,-136.2,23.25984116884722
169,-110.11111111111111,29.6936537168507,-119.2,21.13458102731161
170,-124.0,32.76228090350243,-146.6,33.00071970124288
171,-124.0,25.817002149746198,-132.2,22.974009384519714
172,-124.0,21.237416274113947,-124.2,33.125275715078956
173,-141.85714285714286,21.022121681695214,-137.4,27.964742602069485
174,-124.0,20.471798895065373,-131.6,23.919067807922616
175,-124.0,18.307910858424012,-134.2,15.849602745810381
176,-141.85714285714286,13.081895887064686,-144.2,17.89856718287808
177,-141.85714285714286,21.995344962059583,-137.8,29.938125846485438
178,-110.11111111111111,24.87713302612363,-98.6,19.494660930624054
179,-99.0,16.538498118027526,-102.6,24.509249454032656
180,-110.11111111111111,17.872231428711597,-117.4,26.10614051904264
181,-99.0,21.87662057997076,-107.8,5.95530445905161
182,-99.0,17.299151424275124,-107.6,14.24853946199399
183,-124.0,26.24131856443193,-141.8,17.82113226481415
184,-124.0,23.550605087767913,-128.4,23.654203787064997
185,-99.0,24.463124248550105,-99.4,6.937403318245234
186,-124.0,27.481531070884675,-146.6,26.894742623791736
187,-141.85714285714286,25.1140757345358,-139.0,34.68701659122617
188,-141.85714285714286,23.74369811128839,-138.6,29.195974736254314
189,-141.85714285714286,23.614571772530617,-138.6,32.39447775161686
190,-124.0,23.071664439307366,-113.8,23.80185780984333
191,-124.0,25.85185389870521,-131.6,34.78699085577825
192,-110.11111111111111,29.387002156524904,-124.0,24.335592370024607
193,-141.85714285714286,26.977323810934248,-156.0,29.433953726946022
194,-124.0,39.68092488841458,-124.8,28.567092452680583
195,-124.0,37.35105152468936,-145.0,29.480902021478247
196,-141.85714285714286,31.79554685801142,-152.6,24.52178551410969
197,-141.85714285714286,28.288117646814182,-140.6,37.24453867079038
198,-141.85714285714286,28.387715653077823,-134.2,35.28174217920651
199,-110.11111111111111,27.78770106207962,-125.8,27.31314678318849
