,Stepsrewards,Stepsci,Episoderewards,Episodeci
0,7.0,0.0,7.0,0.0
1,8.5,0.6111373731730771,8.8,0.35061545887196705
2,8.545454545454545,0.4621499426556484,8.6,0.7012309177439341
3,8.5,0.4243524478543749,8.4,0.8938975332777241
4,8.523809523809524,0.33958580435365454,8.6,0.4294144850840502
5,8.423076923076923,0.30478284202361045,8.0,0.5543717164502532
6,8.483870967741936,0.28092425750469974,8.8,0.6559414608027152
7,8.472222222222221,0.24933072279172971,8.4,0.4294144850840502
8,8.463414634146341,0.2351452023821329,8.4,0.7012309177439341
9,8.391304347826088,0.2212229434216653,7.8,0.35061545887196705
10,8.392156862745098,0.21104689884191966,8.4,0.7012309177439341
11,8.392857142857142,0.19599107122519638,8.4,0.4294144850840502
12,8.770491803278688,0.7118241379929189,13.0,7.4583086554526545
13,8.742424242424242,0.6604630176806225,8.4,0.7012309177439341
14,8.746478873239436,0.6218542764862688,8.8,1.4024618354878682
15,8.736842105263158,0.5816866196815494,8.6,0.4294144850840502
16,8.765432098765432,0.5488857781718399,9.2,0.8588289701681003
17,8.732558139534884,0.519132291420571,8.2,0.6559414608027152
18,8.76923076923077,0.4996523142534473,9.4,1.625737002100893
19,8.8125,0.49534090130630687,9.6,2.6931284410514102
20,8.851485148514852,0.4927627561310032,9.6,2.859182540517481
21,9.1010101010101,0.7931531046137255,15.0,10.51846376615901
22,9.309278350515465,0.8013279105996922,10.2,2.564530990259233
23,9.75268817204301,0.9861135683783104,17.8,5.929445437812881
24,9.869565217391305,0.9906945028255806,9.8,1.0222109371357755
25,9.869565217391305,0.9916103563769407,8.8,1.0222109371357755
26,9.989010989010989,0.9914687522835328,9.4,1.188994869627283
27,9.989010989010989,0.9975328692410108,8.6,0.4294144850840502
28,10.11111111111111,0.9943860414604093,9.2,0.6559414608027152
29,10.11111111111111,0.9967679346270554,9.0,0.7839999999999999
30,9.869565217391305,0.8857165152444879,9.6,1.5282973532660453
31,9.989010989010989,0.9170906482833999,11.0,2.2857331427793577
32,10.904761904761905,1.1561750476207056,21.0,6.047481459252272
33,11.820512820512821,1.487345058683225,21.4,9.102506731664635
34,12.698630136986301,1.6890267675820962,20.6,7.04728350501099
35,16.857142857142858,4.69689791245243,59.0,29.329355124175507
36,22.80952380952381,6.9438488633492765,37.2,26.9392713190242
37,34.714285714285715,11.167076609390659,44.0,35.61379867410945
38,39.0,12.584604283011842,36.0,19.92655956255369
39,39.0,12.697411893767958,27.0,13.23544332464916
40,54.55555555555556,21.490717963190253,123.8,12.827447571516322
41,124.0,24.97558407725433,130.6,35.68104500711828
42,141.85714285714286,63.40430269311381,157.6,68.52626437213691
43,199.0,96.16551797811935,225.0,65.22060140783736
44,141.85714285714286,62.809222252787045,139.4,51.00701830924838
45,141.85714285714286,39.37446888530688,172.8,18.630519133937195
46,165.66666666666666,24.855305119684058,175.8,20.402084285680225
47,141.85714285714286,28.9131112127353,156.4,23.783774233708158
48,141.85714285714286,16.05759633320006,155.4,3.3076996236055045
49,141.85714285714286,22.2716321808708,153.4,6.75787990423032
50,165.66666666666666,19.93291341066421,173.8,16.345976972943525
51,141.85714285714286,34.22060198184713,156.8,5.877386085667675
52,141.85714285714286,13.13572228695476,149.4,6.037309069444764
53,141.85714285714286,40.363587551158034,167.0,8.49835748836209
54,165.66666666666666,13.818167322338667,172.0,9.4893152545376
55,141.85714285714286,41.18271482066232,164.4,14.34527200160387
56,165.66666666666666,21.49886956545838,176.4,11.596841501029493
57,249.0,55.33746831939459,247.0,39.434498602112335
58,249.0,72.8338479005469,261.4,54.923662630964444
59,199.0,52.46360231627256,200.2,52.25934882104827
60,249.0,105.00872630405533,315.8,92.02136336308
61,165.66666666666666,45.58765687397478,185.2,35.12459997209932
62,199.0,72.39381454240409,221.0,46.15956048317617
63,199.0,48.75005050253794,212.8,30.081498686069477
64,199.0,66.9918710292525,235.8,10.538896488722147
65,199.0,39.10973607683898,234.6,31.51933522141608
66,199.0,58.677044779027504,226.0,38.09868953126866
67,165.66666666666666,56.47398116078012,192.6,35.33483738182475
68,199.0,34.19624306850096,200.4,34.095438005692195
69,165.66666666666666,35.10919558769206,183.2,18.916995617697857
70,165.66666666666666,10.870362016527801,167.0,12.726423535306374
71,141.85714285714286,8.022169282681586,144.2,4.749513153997997
72,124.0,32.59144673069915,140.8,3.7353301326656525
73,141.85714285714286,13.946296999562282,150.2,7.649526207550373
74,141.85714285714286,13.9967996342021,146.0,12.38372609516215
75,199.0,26.673288511167872,205.6,18.66512846995702
76,199.0,24.158142974988785,199.8,23.555253579615734
77,165.66666666666666,36.78929997421251,185.2,13.785921630417022
78,199.0,44.325476917908055,201.2,46.02420566614919
79,141.85714285714286,25.309982220459975,157.6,17.412920628085338
80,124.0,19.964117811714093,125.2,8.541643120617952
81,124.0,14.154979689141202,133.2,13.286429287058281
82,124.0,31.64580698923635,142.0,6.345074310045548
83,124.0,17.910153544847123,129.2,7.568747531791506
84,124.0,9.41896756550313,123.0,11.668174835851577
85,110.11111111111111,15.394422733677123,117.4,1.8049035431291056
86,110.11111111111111,14.017327000588471,117.2,5.443015634737788
87,110.11111111111111,6.587152811902313,112.2,6.330526929095239
88,99.0,19.191993330553238,106.2,2.377989739254566
89,110.11111111111111,9.0551803300281,118.6,7.633438858077006
90,124.0,29.02397026597154,144.0,10.820904213604333
91,165.66666666666666,48.30176593658448,191.4,17.5184971044893
92,141.85714285714286,45.159805136869224,144.2,56.96125549178143
93,110.11111111111111,33.99209674948887,127.4,13.665009798752433
94,110.11111111111111,23.743659934930506,97.4,36.32552134243912
95,124.0,31.291017880535616,135.0,41.27370959824183
96,165.66666666666666,56.64755416249313,183.4,56.313361654229084
97,110.11111111111111,50.15649114909829,57.4,27.56069456309111
98,89.9090909090909,28.275893357310917,127.4,33.509007457697095
99,124.0,22.40377311972249,136.2,29.352398798053965
100,110.11111111111111,24.974173018737208,125.4,9.848488046395751
101,124.0,15.63399501087294,128.8,23.80185780984333
102,110.11111111111111,20.93487808512286,123.8,3.8964090134378857
103,110.11111111111111,17.773774117077203,117.8,1.2882434552521504
104,110.11111111111111,10.244561312635119,114.0,3.6352584502343155
105,110.11111111111111,9.190348369621626,116.2,2.793945454013016
106,124.0,36.19206473800576,148.0,33.648125534715895
107,249.0,192.1362417660968,379.6,157.77851477561828
108,499.0,0.0,370.0,142.8903181044818
109,499.0,0.0,469.4,51.891087913051116
110,499.0,0.0,411.6,118.8188147256149
111,249.0,165.11618636584362,309.2,147.8057299674136
112,332.3333333333333,170.51457632924158,322.4,134.00277900401915
113,332.3333333333333,254.02711269702135,329.6,176.2061583850008
114,199.0,51.4252607188335,241.6,117.9699886445701
115,332.3333333333333,168.23639910906672,399.8,122.4438841069655
116,499.0,0.0,499.0,0.0
117,499.0,0.0,403.6,167.24357388192826
118,499.0,0.0,499.0,0.0
119,499.0,0.0,499.0,0.0
120,499.0,0.0,462.2,64.51324443244192
121,499.0,0.0,499.0,0.0
122,499.0,0.0,499.0,0.0
123,249.0,153.71011807945501,312.4,133.32680119465851
124,499.0,0.0,499.0,0.0
125,332.3333333333333,134.28291504906377,445.6,93.61432751881519
126,332.3333333333333,177.635394204179,423.6,132.18202799473158
127,332.3333333333333,167.67474687841562,427.0,126.22156519390812
128,249.0,182.3919280012139,370.2,165.78903043084603
129,249.0,182.9203537061964,343.2,157.1938573456355
130,499.0,0.0,313.0,200.12051121261905
131,499.0,0.0,420.0,138.49310625442698
132,499.0,0.0,499.0,0.0
133,499.0,0.0,499.0,0.0
134,332.3333333333333,189.03437273171795,402.0,129.05078194261358
135,499.0,0.0,415.6,146.20664634961025
136,249.0,145.57536330025079,281.6,121.72164946631308
137,499.0,0.0,490.4,15.07646473149458
138,499.0,0.0,499.0,0.0
139,499.0,0.0,499.0,0.0
140,499.0,0.0,414.2,148.66095456171402
141,249.0,142.23342012340137,362.0,147.29396739853266
142,499.0,0.0,349.0,161.03424887892635
143,499.0,0.0,494.8,7.362924636311306
144,499.0,0.0,431.2,118.85864055759681
145,499.0,0.0,458.4,71.17493815100931
146,332.3333333333333,161.19557461070102,257.6,163.8612515904843
147,499.0,0.0,499.0,0.0
148,332.3333333333333,138.8923769873105,404.4,102.77818389522164
149,249.0,173.7407614810065,373.4,103.65802396727423
150,249.0,178.57928827274455,219.2,150.75180445752548
151,249.0,164.06294706605755,297.4,158.75428928000653
152,165.66666666666666,102.45952639041502,163.4,122.85507643072792
153,199.0,144.8947813552993,277.6,155.43143552319137
154,249.0,178.32365014209418,308.2,159.76238812436424
155,249.0,142.87344679820671,279.2,161.14719031742376
156,249.0,152.83130634788148,311.8,148.9016011841377
157,141.85714285714286,114.53843372423071,142.2,159.84508396319228
158,249.0,108.95863710601377,298.2,123.18209397148595
159,249.0,164.77265489152015,267.8,136.74047846632683
160,141.85714285714286,64.16635878714017,160.0,80.56911328790952
161,165.66666666666666,116.22051403036163,190.4,128.9585868905208
162,332.3333333333333,93.78159465639457,325.2,107.0747120995429
163,249.0,156.32151995166885,355.8,160.95350062424862
164,499.0,0.0,499.0,0.0
165,332.3333333333333,146.64192437766624,236.2,154.27418849308523
166,499.0,0.0,351.2,166.08073618333944
167,332.3333333333333,138.38745393787477,345.6,112.98253350319243
168,499.0,0.0,384.6,132.770116444929
169,332.3333333333333,195.69123828301753,435.2,77.26358782246655
170,199.0,69.10327390218208,216.6,93.43030333248414
171,249.0,148.15350755213322,303.2,144.57138567226917
172,249.0,157.97922205150905,284.4,162.40404353586766
173,249.0,159.0093412350356,302.6,94.09731174055929
174,199.0,138.68270825160576,229.4,131.20539237699035
175,332.3333333333333,189.6903201029002,261.8,171.06423678606816
176,249.0,146.98203223523615,374.4,135.91901193284184
177,332.3333333333333,257.17997318494184,401.4,171.10034392951988
178,499.0,0.0,405.6,127.30721298025497
179,165.66666666666666,31.078575209250463,151.4,21.27372117895691
180,110.11111111111111,21.610413686420184,102.0,26.23180115813628
181,199.0,90.38299379861236,219.6,71.00417529131649
182,141.85714285714286,71.91850943950381,102.8,47.78028165676715
183,249.0,97.52107977252919,312.8,102.9646037199192
184,165.66666666666666,123.4511900547173,190.4,138.29613332555613
185,110.11111111111111,94.38874009245716,51.4,36.586853332857146
186,75.92307692307692,25.605446592878543,96.0,37.729872727058066
187,89.9090909090909,20.72194723524156,95.6,8.25250778854525
188,89.9090909090909,15.83605290469505,88.2,32.521355740497654
189,89.9090909090909,22.448723493248643,101.0,30.76638165270658
190,89.9090909090909,21.84519925013243,76.0,33.00723799411274
191,89.9090909090909,23.02954960635086,116.0,15.353194325611852
192,99.0,29.83967238426052,100.8,41.75637286929984
193,89.9090909090909,29.07199447078565,94.0,37.15944972681915
194,141.85714285714286,18.759701490162364,151.0,21.55643606907227
195,99.0,35.1785875782414,74.2,34.395179941381315
196,82.33333333333333,20.0884507081022,82.4,30.794338388736325
197,82.33333333333333,18.80155155142098,78.6,32.15642686618026
198,75.92307692307692,21.396976241099484,86.4,33.228099145151226
199,89.9090909090909,22.832947841605794,103.8,29.110586170669936
