,Stepsrewards,Stepsci,Episoderewards,Episodeci
0,7.0,0.0,7.0,0.0
1,8.5,0.6111373731730771,8.8,0.35061545887196705
2,8.363636363636363,0.5208719499833804,8.2,0.8588289701681004
3,8.625,0.4861568034081185,9.2,0.8588289701681003
4,8.904761904761905,0.4741620288779244,9.8,0.8588289701681004
5,8.961538461538462,0.4705445764775481,9.2,1.4024618354878682
6,11.741935483870968,3.076658618835717,26.2,12.899123195008256
7,14.916666666666666,3.752620606956303,34.6,4.5241623313051
8,31.258064516129032,19.19670588706574,104.4,92.75684210234843
9,61.5,32.796615488492094,51.4,14.420059805701223
10,89.9090909090909,34.36318897780396,115.4,56.72390350460729
11,110.11111111111111,21.91983789352612,136.8,13.435939386585517
12,141.85714285714286,27.3467804320728,151.0,25.93725104940768
13,199.0,16.557070272243216,211.2,28.399852168629327
14,249.0,37.29154327726327,261.2,15.226563735787535
15,332.3333333333333,169.27848595556205,371.0,66.46220989404429
16,332.3333333333333,144.0724685962152,373.0,64.06532166468845
17,332.3333333333333,208.88147353268357,475.0,27.248934804868973
18,499.0,0.0,499.0,0.0
19,499.0,0.0,499.0,0.0
20,332.3333333333333,264.32534991447073,498.4,1.051846376615901
21,499.0,0.0,499.0,0.0
22,332.3333333333333,126.86896734061516,419.8,74.60657034873
23,332.3333333333333,134.90133656642328,354.6,104.52310816656764
24,499.0,0.0,430.8,66.52091005992025
25,332.3333333333333,177.635394204179,374.0,98.43493883779274
26,332.3333333333333,78.05260068744715,348.4,73.32516913584313
27,499.0,0.0,428.4,86.85007484625444
28,332.3333333333333,147.7294395796536,435.4,46.77990761854922
29,249.0,169.21822065014157,352.6,106.2205720790469
30,249.0,140.07316588126363,343.2,85.01141600514603
31,332.3333333333333,20.79065032029399,379.0,55.351177331652124
32,332.3333333333333,60.06641164084474,355.2,68.56616765723457
33,332.3333333333333,133.62011070637976,423.8,84.93908247208702
34,199.0,61.76208493890083,221.4,30.27092936795961
35,249.0,69.38995172213338,292.6,76.87918551077398
36,249.0,91.79362396158025,368.2,110.75980637036163
37,332.3333333333333,149.44729262878627,350.6,65.9273613365498
38,332.3333333333333,168.23639910906672,360.6,67.33414477662873
39,249.0,102.81830090018022,353.0,80.40301287887164
40,332.3333333333333,44.88864378370927,362.8,88.3634432285207
41,199.0,53.09538345280124,231.6,21.787584280961486
42,249.0,48.09993347188747,276.6,82.63226108972208
43,249.0,84.85634331032654,355.8,76.1437170828953
44,249.0,60.62549628662845,244.6,49.009720635808556
45,199.0,99.73453788933901,237.4,59.686038943793214
46,249.0,160.27270073222076,290.8,78.80155563946691
47,199.0,64.7381798940934,213.4,47.787356453354896
48,249.0,31.898962365569197,262.0,52.64196592073666
49,249.0,92.19555412274498,252.4,110.4836544507829
50,165.66666666666666,41.15395017267255,179.8,38.96172382223353
51,141.85714285714286,11.499982608682501,141.2,15.771850975709857
52,124.0,23.494465305684233,138.2,7.466545332347485
53,141.85714285714286,25.562722859664227,156.0,17.626928490239017
54,141.85714285714286,43.959872611280396,167.0,13.02478621705554
55,199.0,41.48908444398357,202.8,37.853481573033676
56,199.0,43.847964240087585,206.2,42.35922326011184
57,199.0,49.4137729787961,205.4,44.13648446353651
58,199.0,18.243799604249112,201.8,20.73824494020649
59,332.3333333333333,76.71776693154567,335.0,50.490452166721575
60,332.3333333333333,134.24476528866,330.2,91.87931451202712
61,249.0,104.14085173456188,261.0,71.63846921870957
62,249.0,65.72944089219077,272.2,51.54285753816914
63,249.0,176.98837984455363,287.0,106.11259710326573
64,199.0,45.3467931390964,222.8,26.92786072453584
65,199.0,110.66348152846088,244.6,79.40027494158946
66,199.0,81.0843258836133,227.4,32.66844368499975
67,249.0,82.26456466790546,374.6,94.34520619936129
68,332.3333333333333,134.63528787335338,323.2,84.65094553045463
69,199.0,60.90019953990298,216.4,48.37222819759288
70,332.3333333333333,46.14525600591952,318.8,87.59844995888909
71,332.3333333333333,164.91544859468198,300.2,101.75613288249508
72,249.0,71.51986017883424,340.0,83.98319831966393
73,199.0,88.0369515146907,236.4,47.136594157830274
74,199.0,58.037185321137,215.8,39.381467966544875
75,249.0,53.25919075615025,277.6,22.8344626562571
76,199.0,21.719771637841866,212.4,19.096476240395766
77,249.0,75.0740128140224,302.8,62.72342990621607
78,249.0,73.30701330704997,321.2,73.16740642663234
79,199.0,46.23273991448052,232.0,39.1018771927896
80,165.66666666666666,16.596895738304443,158.2,11.8173534769846
81,141.85714285714286,42.03438592390758,166.2,17.898567182878075
82,165.66666666666666,12.167328444711334,164.2,14.257164486671254
83,141.85714285714286,39.523522110257325,164.4,8.932096551202298
84,141.85714285714286,38.41907859384449,160.4,14.715410588903048
85,124.0,36.79244215868253,130.4,26.986004313347312
86,110.11111111111111,29.380545918407453,116.0,36.693377713151456
87,165.66666666666666,16.26568211956741,171.8,14.407266610984886
88,165.66666666666666,29.234993744813067,173.8,30.42687738168345
89,141.85714285714286,34.4603192092006,163.6,20.4937659984689
90,165.66666666666666,10.722100402301644,171.0,5.86691878246154
91,199.0,30.293256807415077,211.6,16.22520153341708
92,499.0,0.0,387.4,121.03294393180727
93,332.3333333333333,156.19267569492735,396.0,73.86262015390464
94,332.3333333333333,140.54210893958148,390.4,96.70505730725772
95,249.0,138.7020281034131,269.4,81.72913280342574
96,332.3333333333333,227.1389858084122,396.4,59.976256208603075
97,332.3333333333333,133.3643088463854,385.0,99.88079999679617
98,332.3333333333333,178.8614603126822,392.4,87.56195528196021
99,332.3333333333333,76.36085171129298,391.8,78.53981932243032
100,332.3333333333333,213.1776376292438,436.2,82.89368103299552
101,332.3333333333333,73.96433575016383,364.4,75.79013601254452
102,199.0,41.2662628305496,225.0,20.60145548256239
103,199.0,32.85324848473892,206.4,25.396033958080935
104,141.85714285714286,39.58298624409229,155.8,1.7877950665554483
105,141.85714285714286,18.074335395803633,151.4,6.335379767622459
106,141.85714285714286,26.76726358819668,157.4,4.096353109779478
107,141.85714285714286,38.63275294358402,163.2,9.216586092474806
108,165.66666666666666,43.61377220472825,188.8,16.495702810126037
109,141.85714285714286,24.780960433364964,147.8,10.495063372843443
110,499.0,0.0,304.4,140.3837326644366
111,165.66666666666666,13.910528919304788,158.0,2.7718585822512662
112,249.0,125.77451490663758,236.0,117.63658097717735
113,332.3333333333333,144.0724685962152,437.2,108.3401767914378
114,499.0,0.0,499.0,0.0
115,499.0,0.0,499.0,0.0
116,499.0,0.0,480.0,26.494096549986377
117,499.0,0.0,499.0,0.0
118,249.0,141.56336602384107,366.8,141.9672256938199
119,499.0,0.0,434.6,112.89817775677335
120,499.0,0.0,499.0,0.0
121,332.3333333333333,257.17997318494184,333.4,182.44945070018707
122,332.3333333333333,212.45759782618762,446.6,65.3514673500144
123,499.0,0.0,401.0,171.80157484726382
124,249.0,158.8280409751376,323.0,128.8398512262413
125,499.0,0.0,499.0,0.0
126,332.3333333333333,170.51457632924158,472.0,47.33308694771555
127,249.0,144.73508489651016,258.0,107.48236841454508
128,199.0,34.3173556090792,268.4,104.72579149760577
129,332.3333333333333,136.02623842752084,396.0,112.41040008824807
130,499.0,0.0,436.6,109.39202316805371
131,332.3333333333333,136.5992774776185,313.6,82.6471366521551
132,332.3333333333333,133.90092832914718,446.4,92.21186568332732
133,499.0,0.0,442.4,99.22417486076667
134,499.0,0.0,499.0,0.0
135,332.3333333333333,140.83640228082868,386.2,121.4610592543964
136,499.0,0.0,405.4,100.78227755314919
137,499.0,0.0,499.0,0.0
138,499.0,0.0,453.0,80.6415555405524
139,499.0,0.0,462.4,64.16262897356997
140,499.0,0.0,499.0,0.0
141,499.0,0.0,499.0,0.0
142,499.0,0.0,499.0,0.0
143,499.0,0.0,434.8,112.54756229790142
144,332.3333333333333,184.50700904080904,410.8,73.68432247907285
145,499.0,0.0,412.4,151.8164936915617
146,332.3333333333333,265.9224510739648,274.0,179.45980916071431
147,249.0,158.54055821776333,361.2,158.27327067827972
148,332.3333333333333,152.02979162236835,464.8,59.95524346710636
149,499.0,0.0,477.4,37.86646955817243
150,499.0,0.0,499.0,0.0
151,499.0,0.0,499.0,0.0
152,499.0,0.0,499.0,0.0
153,499.0,0.0,499.0,0.0
154,332.3333333333333,134.07932422706043,446.0,92.91309660107126
155,499.0,0.0,499.0,0.0
156,499.0,0.0,499.0,0.0
157,499.0,0.0,499.0,0.0
158,499.0,0.0,499.0,0.0
159,499.0,0.0,499.0,0.0
160,499.0,0.0,499.0,0.0
161,499.0,0.0,499.0,0.0
162,499.0,0.0,499.0,0.0
163,499.0,0.0,499.0,0.0
164,499.0,0.0,499.0,0.0
165,499.0,0.0,499.0,0.0
166,499.0,0.0,499.0,0.0
167,499.0,0.0,499.0,0.0
168,499.0,0.0,499.0,0.0
169,499.0,0.0,499.0,0.0
170,499.0,0.0,499.0,0.0
171,499.0,0.0,499.0,0.0
172,499.0,0.0,499.0,0.0
173,499.0,0.0,499.0,0.0
174,499.0,0.0,499.0,0.0
175,499.0,0.0,499.0,0.0
176,499.0,0.0,499.0,0.0
177,499.0,0.0,499.0,0.0
178,499.0,0.0,499.0,0.0
179,499.0,0.0,499.0,0.0
180,499.0,0.0,499.0,0.0
181,499.0,0.0,499.0,0.0
182,499.0,0.0,499.0,0.0
183,499.0,0.0,499.0,0.0
184,499.0,0.0,499.0,0.0
185,499.0,0.0,493.2,10.167848307287043
186,499.0,0.0,499.0,0.0
187,499.0,0.0,499.0,0.0
188,499.0,0.0,499.0,0.0
189,499.0,0.0,499.0,0.0
190,499.0,0.0,499.0,0.0
191,499.0,0.0,499.0,0.0
192,499.0,0.0,499.0,0.0
193,499.0,0.0,499.0,0.0
194,499.0,0.0,499.0,0.0
195,499.0,0.0,499.0,0.0
196,499.0,0.0,499.0,0.0
197,499.0,0.0,499.0,0.0
198,499.0,0.0,499.0,0.0
199,499.0,0.0,401.4,171.10034392951988
