,Stepsrewards,Stepsci,Episoderewards,Episodeci
0,7.0,0.0,7.0,0.0
1,8.5,0.6111373731730771,8.8,0.35061545887196705
2,8.545454545454545,0.4621499426556484,8.6,0.7012309177439341
3,8.5,0.4243524478543749,8.4,0.8938975332777241
4,8.523809523809524,0.33958580435365454,8.6,0.4294144850840502
5,8.423076923076923,0.30478284202361045,8.0,0.5543717164502532
6,8.483870967741936,0.28092425750469974,8.8,0.6559414608027152
7,8.472222222222221,0.24933072279172971,8.4,0.4294144850840502
8,8.463414634146341,0.2351452023821329,8.4,0.7012309177439341
9,8.391304347826088,0.2212229434216653,7.8,0.35061545887196705
10,8.372549019607844,0.21022195666645638,8.2,0.6559414608027152
11,8.375,0.19526424403868722,8.4,0.4294144850840502
12,8.37704918032787,0.18268999930530447,8.4,0.4294144850840502
13,8.378787878787879,0.17701562041729524,8.4,0.7012309177439341
14,8.394366197183098,0.17230371297423996,8.6,0.7012309177439341
15,8.355263157894736,0.16595259749649358,7.8,0.35061545887196705
16,8.395061728395062,0.16296641768425682,9.0,0.5543717164502532
17,8.406976744186046,0.15913687507493537,8.6,0.7012309177439341
18,8.395604395604396,0.151931278334541,8.2,0.35061545887196705
19,8.364583333333334,0.1503637023460702,7.8,0.6559414608027151
20,8.346534653465346,0.1488971767415688,8.0,0.7839999999999999
21,8.349056603773585,0.14569452062958044,8.4,0.7012309177439341
22,8.433962264150944,0.27799736554006677,10.8,4.517364187222456
23,8.615384615384615,0.3928938943257486,12.0,4.8960784307443435
24,8.615384615384615,0.3928938943257486,8.6,0.8938975332777241
25,8.803921568627452,0.49219112664502135,12.6,4.591590225619006
26,9.989010989010989,1.3999981793342733,29.6,15.319127285847584
27,10.363636363636363,1.4465898265302735,12.0,3.3262302987015193
28,10.363636363636363,1.4561601187747668,9.8,1.0222109371357755
29,10.494252873563218,1.4589417036192112,9.0,0.5543717164502532
30,10.494252873563218,1.4589417036192112,8.6,0.4294144850840502
31,10.494252873563218,1.4585937771363746,8.4,0.7012309177439341
32,10.494252873563218,1.4589417036192112,8.2,0.6559414608027152
33,10.494252873563218,1.458245767640896,8.4,0.4294144850840502
34,10.363636363636363,1.458542880011574,8.0,0.5543717164502532
35,10.363636363636363,1.4612612781139114,9.0,0.5543717164502532
36,10.627906976744185,1.5042021075236085,11.2,4.30843488984109
37,11.820512820512821,1.7951261884150798,22.0,7.4583086554526545
38,13.492753623188406,3.123765550129169,31.8,29.110586170669936
39,17.181818181818183,5.260943851236226,65.2,5.182708481093645
40,28.41176470588235,8.386851708447157,48.0,11.88994869627283
41,44.45454545454545,10.221587003568729,46.4,13.653760097496953
42,44.45454545454545,10.203711585875185,15.6,3.8247631037751866
43,44.45454545454545,10.445108209091197,63.0,28.327255567738998
44,49.0,14.51392903386261,82.0,18.436506393566
45,89.9090909090909,21.91195144729012,98.6,43.307041607572316
46,89.9090909090909,31.083872617316473,83.4,51.8851650166018
47,124.0,44.02507524127584,128.6,59.28823435387497
48,165.66666666666666,17.103529633555933,164.2,20.2812177938111
49,165.66666666666666,40.468889193954816,186.6,18.39144357575011
50,199.0,10.267107869307695,199.6,10.970398570699242
51,165.66666666666666,57.81846200088817,197.2,15.165891836618112
52,332.3333333333333,107.04436850964944,315.8,73.6300811570923
53,165.66666666666666,77.38990038423283,198.4,60.704588927032525
54,249.0,141.57015010234326,236.6,115.71850623301357
55,165.66666666666666,61.69187424732814,196.0,35.19714715712056
56,165.66666666666666,15.052682792753565,158.6,9.801567874580066
57,141.85714285714286,25.20755442322797,154.6,19.698536311106974
58,199.0,103.72234073718158,208.0,98.45523067872016
59,165.66666666666666,23.10651984309319,164.2,27.548425784425508
60,124.0,30.610296470305542,132.6,18.861677889307725
61,110.11111111111111,26.248220717018665,108.6,29.00058283552246
62,82.33333333333333,23.797765690330092,56.4,35.45639458264193
63,70.42857142857143,22.700484576325678,56.0,24.6617540333205
64,65.66666666666667,20.05353782401647,101.0,35.28435528672728
65,110.11111111111111,27.979901153990976,123.6,17.96027474177386
66,199.0,46.01953115797683,218.2,53.2699010248752
67,165.66666666666666,74.18954084215893,197.2,57.810099491351856
68,249.0,73.13321817067808,258.6,60.87900088536276
69,199.0,14.572702151625824,206.2,10.302965165426894
70,165.66666666666666,24.70458287069051,175.8,20.136746589258152
71,165.66666666666666,46.007069666076966,186.4,32.654329403618135
72,165.66666666666666,6.243807005819921,167.0,6.924100519201032
73,141.85714285714286,39.302722552006486,153.2,43.203308614040196
74,141.85714285714286,32.80765764269067,126.0,5.761199875026035
75,124.0,10.213885156981158,127.6,15.025416759611026
76,110.11111111111111,22.098692312452314,122.4,6.689316616815203
77,110.11111111111111,20.578431581752856,117.6,4.883508247151836
78,110.11111111111111,19.288877737949782,119.4,11.832947088532087
79,124.0,38.43299624021005,150.8,28.111620714572823
80,124.0,14.348719455059396,121.8,14.13810918050925
81,110.11111111111111,6.778764550714179,110.6,8.454850252961313
82,99.0,7.918011871675868,100.6,3.6183107660896128
83,89.9090909090909,14.472169348438655,94.4,3.4442503974014427
84,89.9090909090909,8.683341495886523,94.2,5.212273515463285
85,89.9090909090909,9.024005983874053,94.8,3.251474004201786
86,99.0,5.229932313137522,103.4,8.308180835778673
87,99.0,9.075456131787536,101.8,5.414710629387318
88,99.0,7.601162016428804,100.4,9.707047172029196
89,99.0,11.46223014949534,105.6,7.2196141725164225
90,99.0,12.921142983498015,108.2,6.615399247211009
91,141.85714285714286,58.60023208145168,173.0,60.45702526588618
92,141.85714285714286,27.660339838837842,135.0,22.580016651898198
93,110.11111111111111,29.7271763172519,117.2,13.309540157345783
94,110.11111111111111,7.219222928973501,111.0,10.605755418639449
95,110.11111111111111,21.104103736312318,121.8,13.13521751628042
96,110.11111111111111,13.302085028970827,109.8,4.717048568755679
97,110.11111111111111,9.31846882163042,114.2,14.06182190187317
98,110.11111111111111,24.932358951934194,123.6,4.315562165002376
99,110.11111111111111,13.039213959663025,110.4,6.311078259695406
100,99.0,14.588510547687862,105.6,3.784373765895753
101,110.11111111111111,5.967623299636538,113.8,9.014295491051975
102,124.0,27.642688906833936,144.4,17.69305798328825
103,124.0,9.438066539286528,117.8,5.691429627079648
104,332.3333333333333,46.4678788300366,263.6,97.58454015262868
105,499.0,0.0,499.0,0.0
106,332.3333333333333,67.93619577439038,435.8,55.546275511504824
107,332.3333333333333,47.629150115666995,375.2,34.80818735872352
108,332.3333333333333,173.8758835321163,410.8,40.203990886477925
109,332.3333333333333,172.84175867174213,414.2,69.51874374008781
110,499.0,0.0,458.6,43.37440587258804
111,499.0,0.0,499.0,0.0
112,499.0,0.0,499.0,0.0
113,499.0,0.0,499.0,0.0
114,332.3333333333333,162.7687486612241,408.0,106.94633630003413
115,499.0,0.0,499.0,0.0
116,499.0,0.0,499.0,0.0
117,499.0,0.0,499.0,0.0
118,332.3333333333333,154.76785004453416,466.0,57.85155071387455
119,499.0,0.0,369.8,138.71860363772404
120,499.0,0.0,499.0,0.0
121,332.3333333333333,133.55620617330896,433.2,106.80313187917291
122,165.66666666666666,15.095157918769601,171.8,12.43820385747074
123,249.0,148.24747350292347,322.4,126.44488499263225
124,332.3333333333333,203.24722927362973,310.2,108.87640340863578
125,249.0,68.93866404275614,342.4,84.32210669095025
126,249.0,47.26404976300697,259.6,54.3555743305137
127,165.66666666666666,61.06074910678285,194.0,40.84331504665115
128,141.85714285714286,33.95380391060772,156.8,29.052463220869928
129,332.3333333333333,164.29828736061017,268.2,120.41407992091288
130,332.3333333333333,113.35035218622279,294.4,127.64353093204528
131,249.0,121.54963348361031,268.0,105.17587190986343
132,332.3333333333333,213.1776376292438,485.0,24.54308212103769
133,332.3333333333333,162.495790395617,376.4,119.23967318304757
134,199.0,116.0664273250452,229.6,152.51631408082218
135,124.0,51.8914395637662,89.0,34.006988458256636
136,75.92307692307692,24.122569521290906,38.6,11.45015828711551
137,65.66666666666667,19.720424125857527,76.0,32.9653121932737
138,54.55555555555556,16.449952397561223,38.2,13.413046305742778
139,51.63157894736842,15.51846594745427,57.0,34.70473212690165
140,332.3333333333333,201.16372753077053,256.6,173.61714960452494
141,249.0,216.62766443831683,311.0,201.84384142202606
142,199.0,127.14705967500781,254.2,141.48256979289002
143,124.0,50.016016434738184,141.2,43.380782325817954
144,499.0,0.0,445.4,93.96494297768716
145,499.0,0.0,499.0,0.0
146,332.3333333333333,171.09185507812487,425.8,128.32525794713993
147,499.0,0.0,499.0,0.0
148,499.0,0.0,499.0,0.0
149,249.0,184.9994983776983,389.4,140.34432154098718
150,199.0,144.18887568741215,230.4,140.42532129498582
151,199.0,134.2312407154162,235.2,162.26091754701747
152,499.0,0.0,317.8,154.42849826116938
153,199.0,78.98386589677666,216.0,81.10516945300097
154,124.0,70.31542682797281,119.4,103.40867869187768
155,199.0,75.72604011831068,211.0,92.9940997698241
156,199.0,59.841339022451685,202.6,62.56202104152325
157,332.3333333333333,131.76077491957693,316.8,148.8592838461881
158,249.0,102.44867690702502,290.6,93.99273953237025
159,141.85714285714286,36.260656364715736,130.0,28.26208541491586
160,199.0,82.30693229613165,226.4,105.56902794285831
161,332.3333333333333,149.86655911423583,433.6,70.55041712704468
162,199.0,132.0871324543008,290.4,145.15712892173084
163,141.85714285714286,29.442445550599224,152.6,35.015936211959264
164,124.0,37.14154749064718,139.6,43.02938843162891
165,165.66666666666666,22.206927180832896,175.6,15.977065963436464
166,141.85714285714286,49.54564763932347,157.2,40.75819882183215
167,124.0,31.643910156616233,140.2,35.671569228168245
168,110.11111111111111,30.923592406972023,101.8,34.47995990716926
169,199.0,88.9295868876045,234.8,73.55908984755045
170,165.66666666666666,83.48959252062056,187.2,88.88188325637569
171,499.0,0.0,396.4,88.82515867027765
172,249.0,51.935377152765525,269.2,47.793144144322625
173,249.0,66.00283630269232,276.6,18.623919587455266
174,199.0,52.416717943801096,228.6,10.886031269475573
175,332.3333333333333,135.34674263069925,303.4,86.564748557366
176,199.0,64.03413289800994,254.4,41.2275179558508
177,332.3333333333333,135.5074864133863,383.2,87.43691588339561
178,199.0,51.09851943060581,235.4,33.846652017592525
179,199.0,69.10994463895916,238.4,125.63046540071403
180,110.11111111111111,25.334294805233156,99.4,8.233866455074432
181,124.0,37.9299248615127,142.8,54.190792310133276
182,249.0,108.10026364445184,241.2,86.30305331330983
183,165.66666666666666,54.060454773987715,195.2,13.696459805365764
184,332.3333333333333,224.90108390299224,342.4,122.82755630883486
185,499.0,0.0,492.0,12.271541060518844
186,499.0,0.0,381.6,126.19429215618273
187,332.3333333333333,137.94258300977043,459.4,46.99293645645056
188,332.3333333333333,115.49903523727261,418.2,105.71419486142814
189,332.3333333333333,142.85259452653622,405.2,115.08308200252544
190,199.0,140.3151939883917,233.2,117.57307958542208
191,165.66666666666666,55.67470893336413,189.4,43.20757652079089
192,199.0,86.55303188219347,213.0,78.74420440895952
193,499.0,0.0,450.2,85.55017196475994
194,199.0,42.0044051023223,227.8,92.29148634191563
195,141.85714285714286,38.7947625331049,159.2,12.226378826128363
196,141.85714285714286,18.100342538195235,145.2,22.253726411547348
197,124.0,21.78158855547501,120.4,19.690733983272434
198,249.0,30.165858184377914,248.4,78.76488687733894
199,199.0,37.76650960838186,209.6,49.719447913266286
