,Stepsrewards,Stepsci,Episoderewards,Episodeci
0,7.0,0.0,7.0,0.0
1,8.5,0.6111373731730771,8.8,0.35061545887196705
2,8.545454545454545,0.4621499426556484,8.6,0.7012309177439341
3,8.5,0.4243524478543749,8.4,0.8938975332777241
4,8.523809523809524,0.33958580435365454,8.6,0.4294144850840502
5,8.423076923076923,0.30478284202361045,8.0,0.5543717164502532
6,8.483870967741936,0.28092425750469974,8.8,0.6559414608027152
7,8.472222222222221,0.24933072279172971,8.4,0.4294144850840502
8,8.463414634146341,0.2351452023821329,8.4,0.7012309177439341
9,8.391304347826088,0.2212229434216653,7.8,0.35061545887196705
10,8.372549019607844,0.21022195666645638,8.2,0.6559414608027152
11,8.589285714285714,0.37623546483552023,10.8,3.005901395588351
12,9.901639344262295,1.666305895164998,24.6,14.652622318206388
13,10.075757575757576,1.5637142957209504,12.2,3.005901395588351
14,12.56338028169014,3.091025485233965,45.4,24.68417494671434
15,15.129032258064516,4.5580684678378,34.4,31.37273741323826
16,15.39344262295082,4.612645006774873,10.2,1.0222109371357755
17,16.24137931034483,4.805115599226725,13.6,3.0666328114073256
18,19.833333333333332,5.7094676893994505,27.8,4.4141358384173
19,26.77777777777778,7.2654723411621385,41.8,9.735499740639922
20,46.61904761904762,19.893130770490902,112.6,45.28439922092375
21,124.0,43.0879710592179,156.2,50.07299427036494
22,165.66666666666666,65.77880352053077,193.6,51.31937284106265
23,165.66666666666666,13.964124403999358,172.2,9.166431977601754
24,199.0,13.94771034973124,261.6,104.82112251259285
25,332.3333333333333,136.8022382316356,387.8,89.01663190213388
26,199.0,40.141259372371465,264.2,109.86830656381302
27,199.0,86.39132178639241,297.4,90.49445444224746
28,199.0,94.62071282758336,260.2,64.03509277888179
29,199.0,33.75755062204602,217.8,24.658015232374236
30,165.66666666666666,45.59935931973573,190.4,13.19591015428644
31,165.66666666666666,43.05973903689996,187.8,20.288793044437117
32,199.0,23.448023200261467,210.4,41.472784869116275
33,199.0,27.512703683934806,247.2,110.75564420470859
34,165.66666666666666,28.491875905117105,180.6,11.871841508376027
35,199.0,23.773434585688285,203.2,21.996754378771428
36,199.0,15.252779943341473,211.8,31.804706871782354
37,249.0,51.14811433474356,243.8,41.62737314796599
38,249.0,101.09449342075958,275.6,96.43136259951946
39,199.0,63.685222901392116,227.6,34.117964956896245
40,249.0,39.462496119733736,253.0,27.735211987652086
41,332.3333333333333,52.236713639468675,310.4,81.8193308014677
42,332.3333333333333,243.1125817546418,314.0,122.53496141101935
43,165.66666666666666,55.57687182166231,195.6,17.814232871499126
44,332.3333333333333,167.67474687841562,372.6,96.74477406454572
45,332.3333333333333,101.1394326147306,332.0,71.15420909545688
46,199.0,57.26152663001573,213.4,46.08493112504346
47,199.0,37.91675597938199,219.6,13.334915852752875
48,249.0,59.83219033262947,268.0,99.05274554498729
49,199.0,47.785427067255554,225.0,31.701144458836175
50,249.0,82.33749814027628,256.0,109.34340942187599
51,199.0,61.19972496670225,231.6,34.64978448417825
52,332.3333333333333,152.92559623943006,347.4,115.71186648222384
53,249.0,125.57582490272559,329.6,65.29265720431356
54,249.0,29.950185308274804,259.6,12.925304669523268
55,249.0,72.02499982644915,290.6,58.31611026808973
56,332.3333333333333,138.38745393787477,359.4,75.87929328084178
57,332.3333333333333,193.00296769930958,434.2,56.44092177844015
58,249.0,34.94493668616384,332.2,87.8629328169735
59,249.0,13.596948187001376,303.0,82.0170425216613
60,199.0,92.41062241971969,247.0,45.265392696849545
61,249.0,50.23396261494807,305.6,94.90060120357509
62,249.0,72.29451431471132,257.0,49.506977286035145
63,165.66666666666666,46.9120327295121,188.2,28.78145047074591
64,165.66666666666666,42.27946774254133,187.8,17.769321517716985
65,165.66666666666666,44.122175494533025,185.8,30.572984466682346
66,165.66666666666666,14.206557692892446,166.4,16.975003175257434
67,165.66666666666666,23.963473438949944,175.0,20.623820014730537
68,165.66666666666666,19.06270976812331,165.8,22.87346032413985
69,141.85714285714286,14.43794999298723,147.2,16.345976972943525
70,141.85714285714286,27.541038469890708,153.0,10.905775350702948
71,141.85714285714286,28.763588093282102,153.4,13.910201608891223
72,141.85714285714286,7.774007975298199,136.4,5.0383819624954995
73,165.66666666666666,17.215467635993104,173.0,13.374038133637873
74,165.66666666666666,12.932589898449633,170.0,12.420895941919811
75,165.66666666666666,24.44403979463054,178.0,12.617285920513966
76,199.0,87.27437855407508,230.0,45.72810636796585
77,249.0,100.76144401505964,266.2,56.982832951688174
78,199.0,75.98129032860656,238.2,33.14846197337065
79,249.0,40.990484261594176,266.4,59.598440355432125
80,199.0,38.50789010060146,214.6,24.993497010222477
81,332.3333333333333,92.94953533245081,327.0,80.96674359266277
82,199.0,75.40881900679786,254.0,44.3601305678872
83,199.0,26.079050289456475,218.6,20.373443420295942
84,332.3333333333333,39.29063595914521,289.0,76.76597162805925
85,249.0,52.74275874468456,262.4,69.99280475020272
86,199.0,67.39208547003128,227.0,41.77329749971864
87,199.0,20.61636786633378,232.4,76.85319707598377
88,249.0,68.16814065236046,260.0,36.00003022220954
89,199.0,27.640864820044975,200.6,26.653694017903035
90,199.0,57.47580945058538,237.8,52.373899331632735
91,199.0,88.54862655061342,239.4,49.895302352025084
92,199.0,100.56461850969255,225.6,74.17941027535875
93,165.66666666666666,40.799781771384424,185.8,22.98738269573115
94,165.66666666666666,38.479244236822495,186.0,15.039727657108688
95,199.0,69.96733317770516,224.4,59.670589713861546
96,165.66666666666666,39.83369279242739,187.8,5.152973821008603
97,165.66666666666666,45.49627449135361,189.6,18.441506576199245
98,165.66666666666666,48.69342612866903,191.2,20.220513623545763
99,165.66666666666666,27.632473113537458,180.6,8.454850252961313
100,165.66666666666666,27.993128786530086,180.6,10.018648851017785
101,165.66666666666666,56.55894755163103,197.0,8.973290143531523
102,199.0,12.20877061787959,199.6,11.676073860677654
103,332.3333333333333,143.04668308192518,315.8,131.1161187467048
104,199.0,27.823717077342486,216.4,12.403563874951425
105,499.0,0.0,499.0,0.0
106,499.0,0.0,499.0,0.0
107,499.0,0.0,487.2,20.68631207344605
108,499.0,0.0,499.0,0.0
109,499.0,0.0,499.0,0.0
110,499.0,0.0,499.0,0.0
111,332.3333333333333,194.34296587524128,479.6,34.009699510580795
112,332.3333333333333,195.69123828301753,480.0,33.30846859283687
113,499.0,0.0,499.0,0.0
114,499.0,0.0,499.0,0.0
115,499.0,0.0,491.4,13.323387437134745
116,499.0,0.0,499.0,0.0
117,249.0,33.82774896442268,342.2,114.40679666523313
118,165.66666666666666,32.96151380917741,179.6,25.875563390967933
119,199.0,43.0807821656014,200.6,42.134438702799876
120,332.3333333333333,149.44729262878627,337.4,123.94963137016583
121,199.0,74.30442463272291,276.6,116.33698836053817
122,332.3333333333333,146.64192437766624,329.0,79.21310356247885
123,499.0,0.0,499.0,0.0
124,249.0,137.2769784049751,320.4,114.86282300553125
125,249.0,36.067461790372775,236.2,48.104006519207935
126,332.3333333333333,128.4837211766822,350.6,90.58101353374227
127,499.0,0.0,413.2,101.63676336444405
128,249.0,150.98521318327832,358.4,113.77404110252917
129,499.0,0.0,499.0,0.0
130,499.0,0.0,499.0,0.0
131,332.3333333333333,134.28291504906377,344.6,112.31549084965971
132,499.0,0.0,440.8,102.02909853174239
133,332.3333333333333,133.38991110719425,429.2,85.03129693942107
134,499.0,0.0,388.2,119.32057600933713
135,499.0,0.0,499.0,0.0
136,249.0,159.84518009624188,390.2,117.137051436341
137,499.0,0.0,377.0,131.02889525597013
138,499.0,0.0,499.0,0.0
139,499.0,0.0,499.0,0.0
140,499.0,0.0,499.0,0.0
141,499.0,0.0,499.0,0.0
142,499.0,0.0,478.2,36.46400772268457
143,499.0,0.0,499.0,0.0
144,499.0,0.0,499.0,0.0
145,332.3333333333333,135.192122496783,453.8,79.23909370506455
146,332.3333333333333,148.21693810337854,358.6,110.98737750212858
147,249.0,146.46984399527432,378.2,129.75898712305053
148,499.0,0.0,499.0,0.0
149,499.0,0.0,499.0,0.0
150,499.0,0.0,499.0,0.0
151,499.0,0.0,499.0,0.0
152,499.0,0.0,499.0,0.0
153,499.0,0.0,499.0,0.0
154,499.0,0.0,499.0,0.0
155,499.0,0.0,462.8,63.461398055826024
156,499.0,0.0,499.0,0.0
157,499.0,0.0,447.8,54.967849686885145
158,499.0,0.0,489.2,17.180157484726386
159,499.0,0.0,499.0,0.0
160,499.0,0.0,499.0,0.0
161,499.0,0.0,499.0,0.0
162,499.0,0.0,499.0,0.0
163,499.0,0.0,499.0,0.0
164,499.0,0.0,499.0,0.0
165,499.0,0.0,499.0,0.0
166,499.0,0.0,485.2,24.192466662165725
167,499.0,0.0,499.0,0.0
168,332.3333333333333,141.44125984020783,438.8,105.53525312046207
169,499.0,0.0,468.0,54.345396125154885
170,499.0,0.0,499.0,0.0
171,499.0,0.0,499.0,0.0
172,499.0,0.0,499.0,0.0
173,499.0,0.0,499.0,0.0
174,332.3333333333333,107.4503285071586,429.2,98.5634872110357
175,332.3333333333333,226.39170564573516,444.6,74.69343733421297
176,499.0,0.0,499.0,0.0
177,332.3333333333333,151.15127061128996,464.4,60.65647438485029
178,332.3333333333333,93.13762592509518,453.8,53.12258114210942
179,499.0,0.0,499.0,0.0
180,499.0,0.0,499.0,0.0
181,499.0,0.0,499.0,0.0
182,499.0,0.0,499.0,0.0
183,499.0,0.0,499.0,0.0
184,499.0,0.0,499.0,0.0
185,499.0,0.0,499.0,0.0
186,499.0,0.0,499.0,0.0
187,499.0,0.0,499.0,0.0
188,499.0,0.0,499.0,0.0
189,499.0,0.0,499.0,0.0
190,499.0,0.0,499.0,0.0
191,499.0,0.0,499.0,0.0
192,499.0,0.0,499.0,0.0
193,499.0,0.0,499.0,0.0
194,499.0,0.0,499.0,0.0
195,499.0,0.0,457.4,72.92801544536914
196,499.0,0.0,486.2,22.43938936780589
197,499.0,0.0,436.6,109.39202316805371
198,499.0,0.0,461.4,65.91570626792979
199,499.0,0.0,499.0,0.0
