,Stepsrewards,Stepsci,Episoderewards,Episodeci
0,7.0,0.0,7.0,0.0
1,8.5,0.6111373731730771,8.8,0.35061545887196705
2,8.545454545454545,0.4621499426556484,8.6,0.7012309177439341
3,8.5,0.4243524478543749,8.4,0.8938975332777241
4,8.523809523809524,0.33958580435365454,8.6,0.4294144850840502
5,8.423076923076923,0.30478284202361045,8.0,0.5543717164502532
6,8.483870967741936,0.28092425750469974,8.8,0.6559414608027152
7,8.472222222222221,0.24933072279172971,8.4,0.4294144850840502
8,8.463414634146341,0.2351452023821329,8.4,0.7012309177439341
9,8.391304347826088,0.2212229434216653,7.8,0.35061545887196705
10,8.372549019607844,0.21022195666645638,8.2,0.6559414608027152
11,8.5,0.2665520587052368,9.8,1.6996714976724177
12,8.819672131147541,0.473339237908529,12.4,3.702273463697677
13,11.621212121212121,4.042228892539224,45.8,42.92498446359648
14,12.380281690140846,3.824424807387262,22.4,4.386197989147321
15,14.151515151515152,4.2654696203550175,29.8,4.684358995636435
16,16.54385964912281,4.912518639974593,24.8,3.523641752505495
17,19.408163265306122,5.560983615828247,22.8,3.155539129847703
18,24.0,6.389569938579592,25.4,0.8938975332777241
19,28.41176470588235,6.581929854581015,25.0,3.6352584502343155
20,25.31578947368421,1.7123981575748113,29.0,5.996446947985115
21,26.027027027027028,2.1367047554151495,31.4,3.353834342957326
22,27.571428571428573,2.305249661099639,37.4,5.007790410949723
23,32.333333333333336,3.461228212750604,47.6,5.615323036121786
24,46.61904761904762,9.063888463241042,76.6,16.829542025854415
25,199.0,16.48265609663685,208.2,7.151180266221793
26,199.0,34.81966341020544,220.2,15.75235306866882
27,249.0,98.30333056412687,305.4,46.806178874161475
28,249.0,93.10515775186678,325.8,78.33215464418171
29,332.3333333333333,142.06757995430934,318.2,83.25806850510045
30,332.3333333333333,76.56182125625065,423.6,67.24736863848278
31,249.0,103.27730825307174,308.6,59.845447452584054
32,499.0,0.0,415.6,97.03817284347434
33,332.3333333333333,44.98363290831043,369.4,95.57503446402727
34,332.3333333333333,259.5540204673022,451.2,79.91110132641145
35,332.3333333333333,138.63706649885307,434.4,74.18148176465606
36,332.3333333333333,103.50471694386508,416.4,68.32864732160297
37,332.3333333333333,131.85792533660643,411.2,81.2781538373012
38,332.3333333333333,56.120788252429904,396.0,47.888219177580616
39,499.0,0.0,473.8,44.17754781786785
40,332.3333333333333,137.0111292586874,370.0,71.64490390809384
41,499.0,0.0,416.2,88.89571303049432
42,499.0,0.0,446.0,68.73315077893636
43,332.3333333333333,35.28403269133169,434.0,72.8107684343463
44,499.0,0.0,499.0,0.0
45,499.0,0.0,451.8,51.441393946898444
46,332.3333333333333,161.71638749732566,412.8,70.17654026239823
47,332.3333333333333,126.76125918288139,456.0,34.41572477807201
48,332.3333333333333,100.9493379355686,416.2,53.38803988909875
49,499.0,0.0,464.4,60.65647438485029
50,332.3333333333333,82.40464783727423,452.0,52.55139777398884
51,332.3333333333333,253.24119189830486,492.2,7.300046246428852
52,332.3333333333333,106.72488799955951,421.8,61.750639083332565
53,499.0,0.0,429.4,75.38150826827491
54,332.3333333333333,133.9869702896793,434.6,80.67508570060524
55,332.3333333333333,46.01557353122318,371.0,39.18039509754846
56,332.3333333333333,157.45830328716897,419.8,49.533043064201095
57,499.0,0.0,484.0,26.296159415397526
58,332.3333333333333,73.5940681989661,429.6,70.46542105742361
59,499.0,0.0,452.0,68.84930698271407
60,332.3333333333333,150.2903363000602,402.4,82.41253465826664
61,499.0,0.0,441.8,83.85208951004141
62,332.3333333333333,145.5110868119168,461.6,65.56509080905784
63,332.3333333333333,195.69123828301753,430.0,85.63203886396725
64,332.3333333333333,230.14093640073557,457.0,55.378932022927266
65,249.0,122.84643014756269,392.4,76.36176098545658
66,332.3333333333333,136.21125205057467,393.0,78.71297529632582
67,332.3333333333333,147.0285503139013,451.0,62.25029118004188
68,499.0,0.0,459.4,69.42186085664947
69,499.0,0.0,412.6,92.76843780510697
70,499.0,0.0,473.8,44.17754781786785
71,332.3333333333333,159.65502625162608,468.0,54.345396125154885
72,332.3333333333333,224.1577685140205,404.8,78.68837364693718
73,332.3333333333333,147.81609514929417,462.8,63.461398055826024
74,332.3333333333333,169.94036008313384,456.6,45.790566853883774
75,332.3333333333333,42.06100261216726,348.2,69.80550387469458
76,332.3333333333333,94.75060378973066,389.8,63.279534157577366
77,332.3333333333333,243.88563755868736,395.8,101.5414693768019
78,249.0,172.62471202003496,356.4,98.97297480019482
79,499.0,0.0,422.4,67.46865497992381
80,249.0,70.37601011708465,368.4,99.89249171384203
81,499.0,0.0,394.6,94.63467819356707
82,499.0,0.0,437.6,89.60883356455435
83,332.3333333333333,74.73364218391926,340.2,80.8193350331466
84,332.3333333333333,62.695041330295076,354.6,70.01256079304626
85,332.3333333333333,96.41629983604471,430.6,54.491102069971014
86,332.3333333333333,51.51261621806477,402.4,76.66702287685364
87,332.3333333333333,232.40552246896817,441.2,58.57062460995272
88,332.3333333333333,86.89251461602603,399.4,88.62078824293992
89,249.0,44.463281480340605,295.8,38.92226410680652
90,332.3333333333333,201.16372753077053,437.0,45.129399021037266
91,499.0,0.0,466.4,57.150319796130624
92,332.3333333333333,164.3736116516499,449.0,54.92478172919761
93,332.3333333333333,202.5508952959359,372.0,69.28759404106914
94,332.3333333333333,131.85145086913644,418.6,37.90297440571122
95,332.3333333333333,44.74578200688203,338.8,64.26504956195085
96,332.3333333333333,58.04257849646688,340.6,41.27222035219331
97,332.3333333333333,262.73153739271714,483.4,16.802127865243733
98,332.3333333333333,167.67474687841562,361.0,70.2172564545212
99,332.3333333333333,193.67192174931833,412.6,53.143404000872955
100,332.3333333333333,159.3124453067921,469.4,47.218023135239356
101,499.0,0.0,422.6,66.24823195225665
102,332.3333333333333,99.53993071831731,451.8,41.29008775965485
103,332.3333333333333,230.14093640073557,489.6,16.478926566982448
104,499.0,0.0,499.0,0.0
105,499.0,0.0,499.0,0.0
106,499.0,0.0,496.4,4.558000965335571
107,499.0,0.0,499.0,0.0
108,499.0,0.0,499.0,0.0
109,499.0,0.0,499.0,0.0
110,499.0,0.0,494.2,8.41477101292721
111,499.0,0.0,499.0,0.0
112,499.0,0.0,499.0,0.0
113,499.0,0.0,499.0,0.0
114,499.0,0.0,499.0,0.0
115,499.0,0.0,481.0,22.850607694326207
116,499.0,0.0,499.0,0.0
117,499.0,0.0,499.0,0.0
118,499.0,0.0,499.0,0.0
119,499.0,0.0,499.0,0.0
120,332.3333333333333,132.34260767949002,424.2,48.05286875099134
121,332.3333333333333,240.03102713021326,424.2,52.93422623596193
122,499.0,0.0,499.0,0.0
123,332.3333333333333,250.85674660753799,495.0,6.582799404508692
124,332.3333333333333,191.00886525867696,477.8,35.438187583452965
125,332.3333333333333,180.7203928315374,458.2,44.689375417430035
126,332.3333333333333,208.88147353268357,461.2,24.633075390620636
127,332.3333333333333,143.4549020372553,416.4,39.40955189798534
128,499.0,0.0,489.0,17.53077294359835
129,499.0,0.0,499.0,0.0
130,332.3333333333333,243.1125817546418,490.2,10.43633284252663
131,332.3333333333333,159.65502625162608,439.6,50.54702820938141
132,499.0,0.0,494.8,7.362924636311306
133,499.0,0.0,492.6,11.219694683902945
134,499.0,0.0,484.6,25.244313038781623
135,499.0,0.0,495.0,7.01230917743934
136,499.0,0.0,499.0,0.0
137,332.3333333333333,123.44485096442716,435.6,44.19910819009814
138,332.3333333333333,202.5508952959359,422.4,46.0649205882307
139,332.3333333333333,185.7888247645897,477.0,38.56770047591637
140,499.0,0.0,483.8,18.31441451971643
141,332.3333333333333,201.16372753077053,448.0,34.6071844564102
142,332.3333333333333,98.9636473473785,391.4,35.75418225606621
143,332.3333333333333,175.2159935199558,431.8,49.94086153842362
144,249.0,134.79899109414728,366.4,44.195631422121345
145,332.3333333333333,61.519813128840106,388.8,20.84909406185314
146,332.3333333333333,163.8820826307971,387.6,49.07238813018987
147,332.3333333333333,68.05546844438871,374.2,68.99734524748035
148,332.3333333333333,68.80399299351639,377.4,46.51637901642818
149,332.3333333333333,178.24708676649036,394.4,46.33764997062324
150,332.3333333333333,184.36120520647827,363.4,73.14682186397438
151,332.3333333333333,19.077631656723792,373.0,32.27281506159635
152,332.3333333333333,26.736158343392624,357.4,33.98710080015652
153,249.0,130.4155044463656,340.4,27.20717223086589
154,332.3333333333333,9.115502464767655,333.6,25.450432074917703
155,249.0,60.58587954300903,281.6,17.137171201805742
156,332.3333333333333,45.493147062273344,334.6,42.247344210021055
157,249.0,59.13388537885871,296.2,39.162349919278334
158,199.0,51.473048170863166,232.0,7.9567309870323
159,199.0,51.78259166940179,231.4,11.503714043733876
160,249.0,80.91679059379456,272.6,30.86909776459299
161,249.0,150.6381458993704,312.8,48.422394025905
162,249.0,68.65947421878498,290.2,8.911428347913706
163,199.0,87.51175025103772,253.8,19.56390275993008
164,199.0,58.70322703225096,234.8,11.106820391093034
165,249.0,22.13151598964698,247.2,18.94946002396902
166,199.0,74.19680898798815,239.2,9.688032369888118
167,249.0,114.36856123952946,309.4,22.726535961294235
168,249.0,62.907298463691795,283.0,26.82265549866381
169,249.0,60.57398946742735,283.2,19.53245963006195
170,249.0,47.218307890054675,265.0,15.100906462858449
171,249.0,24.411640665879055,268.2,10.046218950431053
172,249.0,53.757265555457714,268.2,15.546148693486757
173,332.3333333333333,23.63465879373545,328.6,29.639969986489525
174,332.3333333333333,59.909871071901435,357.6,57.453347307184806
175,249.0,115.79561563375358,341.0,31.705991358101393
176,249.0,87.87819069598554,304.4,8.563203886396726
177,249.0,130.10584229772311,334.2,25.41297029471368
178,249.0,88.25442765096831,310.6,16.196764516408827
179,249.0,119.08713868424248,330.2,24.160687142546255
180,332.3333333333333,121.78081926453255,363.6,43.04367062414635
181,249.0,128.44357204624916,315.6,23.517386521465347
182,332.3333333333333,28.721908530416805,352.0,29.506952129964215
183,332.3333333333333,54.14658075453526,319.0,37.055924006830544
184,332.3333333333333,21.675180549463757,351.0,9.024517715645528
185,332.3333333333333,8.072479081330501,334.2,27.397406942993708
186,332.3333333333333,128.43387899644733,379.6,37.54451497622522
187,499.0,0.0,466.2,37.641798724290524
188,499.0,0.0,496.4,4.558000965335571
189,499.0,0.0,499.0,0.0
190,499.0,0.0,499.0,0.0
191,499.0,0.0,486.4,22.08877390893392
192,332.3333333333333,150.67043338457714,457.2,32.83640594218557
193,332.3333333333333,69.50148413017018,419.4,45.60225482144495
194,499.0,0.0,482.4,29.10108308637326
195,499.0,0.0,499.0,0.0
196,499.0,0.0,499.0,0.0
197,499.0,0.0,499.0,0.0
198,499.0,0.0,499.0,0.0
199,499.0,0.0,499.0,0.0
