,Stepsrewards,Stepsci,Episoderewards,Episodeci
0,-1172.2382576342618,0.0,-1172.2382576342618,0.0
1,-1483.8337905717342,67.96761598994937,-1483.8337905717342,67.96761598994937
2,-1418.925564789456,166.78497168566545,-1418.925564789456,166.78497168566545
3,-1504.5469921024517,171.2237617230765,-1504.5469921024517,171.2237617230765
4,-1350.6292889240958,156.3310637280599,-1350.6292889240958,156.3310637280599
5,-1323.151728694162,134.45504455288946,-1323.151728694162,134.45504455288946
6,-1429.9534841960283,146.88443012894646,-1429.9534841960283,146.88443012894646
7,-1449.5997815716112,88.44474469154625,-1449.5997815716112,88.44474469154625
8,-1244.3768009488756,114.28348308317224,-1244.3768009488756,114.28348308317224
9,-1301.1896463656574,117.75095106033466,-1301.1896463656574,117.75095106033466
10,-1246.858653590163,115.46295890411552,-1246.858653590163,115.46295890411552
11,-1210.2186956486703,266.8172373670685,-1210.2186956486703,266.8172373670685
12,-1060.2299925787493,210.31714743308828,-1060.2299925787493,210.31714743308828
13,-1094.9643986336387,210.40042628054246,-1094.9643986336387,210.40042628054246
14,-1241.5780799268534,195.51814513095073,-1241.5780799268534,195.51814513095073
15,-1121.0681989417528,65.65010357951303,-1121.0681989417528,65.65010357951303
16,-1110.8137843567233,59.748484609244386,-1110.8137843567233,59.748484609244386
17,-1106.956032199872,173.5847505323742,-1106.956032199872,173.5847505323742
18,-984.3321451000685,50.30123524341075,-984.3321451000685,50.30123524341075
19,-1035.00294294717,30.37974126652241,-1035.00294294717,30.37974126652241
20,-1074.265715108328,47.045349210882826,-1074.265715108328,47.045349210882826
21,-997.3238137285396,33.4603671402662,-997.3238137285396,33.4603671402662
22,-1012.6208738458151,18.54807518180477,-1012.6208738458151,18.54807518180477
23,-1031.453517139174,45.29745081110474,-1031.453517139174,45.29745081110474
24,-1047.4423190826678,99.0404789799868,-1047.4423190826678,99.0404789799868
25,-1034.2725268652848,47.7454077374178,-1034.2725268652848,47.7454077374178
26,-1053.8599153178739,52.49328798204123,-1053.8599153178739,52.49328798204123
27,-1043.2428053019698,103.2394013994025,-1043.2428053019698,103.2394013994025
28,-1018.2761014089702,31.421825813744235,-1018.2761014089702,31.421825813744235
29,-1081.3957553285939,33.10229210596287,-1081.3957553285939,33.10229210596287
30,-1063.5689486389026,36.62775189957817,-1063.5689486389026,36.62775189957817
31,-1110.6984775940846,70.36570268161971,-1110.6984775940846,70.36570268161971
32,-1052.6148424600472,89.382090150922,-1052.6148424600472,89.382090150922
33,-1040.0549636332623,22.20760617187618,-1040.0549636332623,22.20760617187618
34,-1034.5612835758463,40.801666887890285,-1034.5612835758463,40.801666887890285
35,-901.2259100703782,100.16667014649946,-901.2259100703782,100.16667014649946
36,-948.0772428520942,56.154066533265656,-948.0772428520942,56.154066533265656
37,-919.7281621253327,149.84801876553402,-919.7281621253327,149.84801876553402
38,-1016.5734935352156,7.71381261478607,-1016.5734935352156,7.71381261478607
39,-1014.1287256704018,60.456573347091755,-1014.1287256704018,60.456573347091755
40,-846.8211612217439,148.5525578684494,-846.8211612217439,148.5525578684494
41,-954.0553127595341,82.556708917222,-954.0553127595341,82.556708917222
42,-867.5074633938136,109.50275114619306,-867.5074633938136,109.50275114619306
43,-932.423009959547,43.37992372675538,-932.423009959547,43.37992372675538
44,-910.2915777150915,130.96186766500995,-910.2915777150915,130.96186766500995
45,-1011.3021140849017,60.056792515014074,-1011.3021140849017,60.056792515014074
46,-1030.9638017605182,38.10209144365203,-1030.9638017605182,38.10209144365203
47,-1028.0763927369294,33.149437275279084,-1028.0763927369294,33.149437275279084
48,-1047.2880587360623,18.500893493915722,-1047.2880587360623,18.500893493915722
49,-1041.1047725261624,58.731299292082745,-1041.1047725261624,58.731299292082745
50,-1022.2506390753067,111.33224452138265,-1022.2506390753067,111.33224452138265
51,-1006.1527871936427,21.788706930671154,-1006.1527871936427,21.788706930671154
52,-975.981906058464,58.40876559444833,-975.981906058464,58.40876559444833
53,-997.7170186631303,28.020584674103187,-997.7170186631303,28.020584674103187
54,-1002.1837937748638,19.552037451112497,-1002.1837937748638,19.552037451112497
55,-984.480249580215,23.997764830422465,-984.480249580215,23.997764830422465
56,-911.186091758085,50.81892110719585,-911.186091758085,50.81892110719585
57,-802.1119059245401,139.3017945627696,-802.1119059245401,139.3017945627696
58,-958.3406624440273,61.95296101511591,-958.3406624440273,61.95296101511591
59,-850.3755091130568,51.73203609671197,-850.3755091130568,51.73203609671197
60,-874.4851639872458,99.42396187922337,-874.4851639872458,99.42396187922337
61,-884.4048414970049,70.8181915022982,-884.4048414970049,70.8181915022982
62,-693.7141533909511,117.56316348364224,-693.7141533909511,117.56316348364224
63,-814.9473671834969,168.58429152981398,-814.9473671834969,168.58429152981398
64,-569.3719991979477,191.95273579288772,-569.3719991979477,191.95273579288772
65,-579.7699008726051,304.51424668338746,-579.7699008726051,304.51424668338746
66,-871.5231721414292,137.54072901025336,-871.5231721414292,137.54072901025336
67,-638.299470707789,297.9223297281636,-638.299470707789,297.9223297281636
68,-926.1138100731953,186.90783351666812,-926.1138100731953,186.90783351666812
69,-934.8153253495756,112.80284511088708,-934.8153253495756,112.80284511088708
70,-856.3396957485332,219.0113036316741,-856.3396957485332,219.0113036316741
71,-747.6341656107843,227.81801671704972,-747.6341656107843,227.81801671704972
72,-628.8066948743464,303.0499248720496,-628.8066948743464,303.0499248720496
73,-499.49400402181084,229.39109188483198,-499.49400402181084,229.39109188483198
74,-507.0773051385021,274.14771867096624,-507.0773051385021,274.14771867096624
75,-645.9770901613531,170.8702716799634,-645.9770901613531,170.8702716799634
76,-475.30317947831014,276.73792810698154,-475.30317947831014,276.73792810698154
77,-599.7137839650068,301.79553896125066,-599.7137839650068,301.79553896125066
78,-707.1216663823411,254.24294745172912,-707.1216663823411,254.24294745172912
79,-747.21575150815,306.8028785628689,-747.21575150815,306.8028785628689
80,-898.4163451318959,387.0157311933578,-898.4163451318959,387.0157311933578
81,-964.7684138722723,125.64324855639823,-964.7684138722723,125.64324855639823
82,-861.8455986025056,191.8631547867707,-861.8455986025056,191.8631547867707
83,-629.069089089414,178.72495449766885,-629.069089089414,178.72495449766885
84,-851.9572871193545,380.42732284095183,-851.9572871193545,380.42732284095183
85,-897.7370804274308,198.8295215352722,-897.7370804274308,198.8295215352722
86,-444.9947385700016,257.12569704869094,-444.9947385700016,257.12569704869094
87,-502.6340644545662,240.0509810136531,-502.6340644545662,240.0509810136531
88,-731.8788064679517,350.28204213452864,-731.8788064679517,350.28204213452864
89,-474.23064199211325,169.00375580383252,-474.23064199211325,169.00375580383252
90,-528.8492302132565,169.49956537163808,-528.8492302132565,169.49956537163808
91,-489.2722667496927,172.1008545508117,-489.2722667496927,172.1008545508117
92,-802.2739642255895,307.6017878462976,-802.2739642255895,307.6017878462976
93,-694.3891603148567,248.61408375771765,-694.3891603148567,248.61408375771765
94,-925.2916497754918,181.58059852809487,-925.2916497754918,181.58059852809487
95,-583.8777006836115,329.3845633768496,-583.8777006836115,329.3845633768496
96,-691.3348942113856,404.63094309177035,-691.3348942113856,404.63094309177035
97,-596.500106276794,298.26457599955523,-596.500106276794,298.26457599955523
98,-552.1007670218863,324.87265262538216,-552.1007670218863,324.87265262538216
99,-644.0276191916824,370.0607923297068,-644.0276191916824,370.0607923297068
100,-603.5202287722044,301.2246890974039,-603.5202287722044,301.2246890974039
101,-425.8637510919614,331.21370190721143,-425.8637510919614,331.21370190721143
102,-430.70476710368615,300.93830865720867,-430.70476710368615,300.93830865720867
103,-707.9953291308519,245.87764973962,-707.9953291308519,245.87764973962
104,-248.50408793768327,113.10384792136283,-248.50408793768327,113.10384792136283
105,-306.43780687050673,259.4100563090074,-306.43780687050673,259.4100563090074
106,-634.4055511118569,284.12730968607195,-634.4055511118569,284.12730968607195
107,-229.5263441663508,125.89669038838588,-229.5263441663508,125.89669038838588
108,-538.5439831684564,179.70642556903078,-538.5439831684564,179.70642556903078
109,-287.53314133847124,175.47810793189316,-287.53314133847124,175.47810793189316
110,-412.88461029538786,321.20568035323936,-412.88461029538786,321.20568035323936
111,-432.3026023837297,286.5018000260337,-432.3026023837297,286.5018000260337
112,-399.4576560476703,271.58608838206305,-399.4576560476703,271.58608838206305
113,-379.81087958171577,235.45041876164473,-379.81087958171577,235.45041876164473
114,-551.9538758384159,586.9342224243362,-551.9538758384159,586.9342224243362
115,-488.04155658393057,257.46991847653703,-488.04155658393057,257.46991847653703
116,-708.1904087991554,448.5162663226177,-708.1904087991554,448.5162663226177
117,-404.5463881522519,238.28581887269547,-404.5463881522519,238.28581887269547
118,-361.7716836243024,265.8408042914266,-361.7716836243024,265.8408042914266
119,-850.8101960249478,505.4655717134043,-850.8101960249478,505.4655717134043
120,-587.076900903838,294.5523931012986,-587.076900903838,294.5523931012986
121,-468.9602565176063,434.0036346064322,-468.9602565176063,434.0036346064322
122,-1012.779485651814,375.3712762928184,-1012.779485651814,375.3712762928184
123,-334.1018272905218,252.28169257194597,-334.1018272905218,252.28169257194597
124,-687.0635508563678,584.8712003933952,-687.0635508563678,584.8712003933952
125,-453.5812561004705,242.527675708314,-453.5812561004705,242.527675708314
126,-249.97528080803667,92.80251655786005,-249.97528080803667,92.80251655786005
127,-466.68565499779544,238.8304698628893,-466.68565499779544,238.8304698628893
128,-272.7514398239164,176.4695040788671,-272.7514398239164,176.4695040788671
129,-284.85284065118833,170.3635293844898,-284.85284065118833,170.3635293844898
130,-667.6990977972603,341.42356178884967,-667.6990977972603,341.42356178884967
131,-444.93124729104363,210.861353463343,-444.93124729104363,210.861353463343
132,-467.30400138146763,115.8171689058544,-467.30400138146763,115.8171689058544
133,-273.4548777811967,178.51570722021216,-273.4548777811967,178.51570722021216
134,-250.83151788029218,111.43233694807044,-250.83151788029218,111.43233694807044
135,-302.3034434011216,148.0513943418298,-302.3034434011216,148.0513943418298
136,-183.11571233880196,53.288959076764385,-183.11571233880196,53.288959076764385
137,-430.28330057068916,221.87287232258228,-430.28330057068916,221.87287232258228
138,-523.6538301090056,313.2230774936485,-523.6538301090056,313.2230774936485
139,-548.5405915367185,293.2652160465646,-548.5405915367185,293.2652160465646
140,-688.1955139614834,230.3427242875622,-688.1955139614834,230.3427242875622
141,-359.04264361286675,241.17562158001152,-359.04264361286675,241.17562158001152
142,-830.6000132393145,377.4802785561997,-830.6000132393145,377.4802785561997
143,-580.0999806849745,306.5066002088475,-580.0999806849745,306.5066002088475
144,-592.4248002133099,276.78701485308943,-592.4248002133099,276.78701485308943
145,-354.4605168611721,221.6560326763611,-354.4605168611721,221.6560326763611
146,-366.74187153389244,264.4782190455894,-366.74187153389244,264.4782190455894
147,-474.85281409426545,260.1435653756436,-474.85281409426545,260.1435653756436
148,-463.95330925284327,176.6985765455981,-463.95330925284327,176.6985765455981
149,-421.9982708893442,172.84190586936904,-421.9982708893442,172.84190586936904
150,-110.46310444542064,78.54350088757009,-110.46310444542064,78.54350088757009
151,-435.35959374447197,255.58965861059698,-435.35959374447197,255.58965861059698
152,-566.2658384223184,258.1278247844423,-566.2658384223184,258.1278247844423
153,-454.22153183519976,267.7076681861649,-454.22153183519976,267.7076681861649
154,-402.96539311535423,161.07055027131074,-402.96539311535423,161.07055027131074
155,-524.8449923750626,251.30913335793124,-524.8449923750626,251.30913335793124
156,-453.48175866006375,230.64000993064727,-453.48175866006375,230.64000993064727
157,-351.1540148567966,266.5712730447132,-351.1540148567966,266.5712730447132
158,-481.57256298332095,412.71897771477745,-481.57256298332095,412.71897771477745
159,-548.7258852625152,324.7474379846842,-548.7258852625152,324.7474379846842
160,-360.41049134745913,314.79638750962914,-360.41049134745913,314.79638750962914
161,-518.7843037723733,257.4727438183305,-518.7843037723733,257.4727438183305
162,-130.9079605486362,63.32409242883777,-130.9079605486362,63.32409242883777
163,-441.5542221800281,250.33399852244418,-441.5542221800281,250.33399852244418
164,-356.78226964052453,241.16363121642394,-356.78226964052453,241.16363121642394
165,-409.4860019395428,292.27637052671577,-409.4860019395428,292.27637052671577
166,-158.85066171223855,40.19945998621917,-158.85066171223855,40.19945998621917
167,-430.2447809011409,274.07638164026474,-430.2447809011409,274.07638164026474
168,-383.1041260406725,315.1018126207474,-383.1041260406725,315.1018126207474
169,-200.23046182738838,48.98859693030677,-200.23046182738838,48.98859693030677
170,-131.6840792481016,110.37693481765503,-131.6840792481016,110.37693481765503
171,-322.6166394261403,138.69234007395104,-322.6166394261403,138.69234007395104
172,-133.3022124644381,63.216536868953554,-133.3022124644381,63.216536868953554
173,-228.80334730842648,101.62827770296954,-228.80334730842648,101.62827770296954
174,-668.6224836135839,480.746801500667,-668.6224836135839,480.746801500667
175,-286.9619191300509,277.4338615822039,-286.9619191300509,277.4338615822039
176,-230.32175915650825,172.08937694305766,-230.32175915650825,172.08937694305766
177,-317.1124042797905,123.03670363593389,-317.1124042797905,123.03670363593389
178,-532.5591037196305,201.11262167923238,-532.5591037196305,201.11262167923238
179,-524.7879635184057,349.0387919448734,-524.7879635184057,349.0387919448734
180,-498.6992277358698,230.18002060722083,-498.6992277358698,230.18002060722083
181,-462.5762524579762,304.30651432057397,-462.5762524579762,304.30651432057397
182,-583.456749566839,377.2387629975028,-583.456749566839,377.2387629975028
183,-714.8102035307155,264.8464611513511,-714.8102035307155,264.8464611513511
184,-388.1116396703318,94.17846237771988,-388.1116396703318,94.17846237771988
185,-310.9980222663282,138.352058061041,-310.9980222663282,138.352058061041
186,-251.88213138753648,115.42130145319643,-251.88213138753648,115.42130145319643
187,-500.161049634133,269.36406488141444,-500.161049634133,269.36406488141444
188,-360.9730637964115,256.3031152123186,-360.9730637964115,256.3031152123186
189,-346.0994264441298,82.78762517414569,-346.0994264441298,82.78762517414569
190,-314.9128256280702,173.44266842360614,-314.9128256280702,173.44266842360614
191,-387.7268741815357,356.13266354100136,-387.7268741815357,356.13266354100136
192,-183.26511665463957,79.64997445337379,-183.26511665463957,79.64997445337379
193,-368.1089693978289,92.10532674292052,-368.1089693978289,92.10532674292052
194,-330.99089245940706,188.78603055824468,-330.99089245940706,188.78603055824468
195,-365.4069254814997,92.52962869012691,-365.4069254814997,92.52962869012691
196,-330.0135928223952,165.35624209206748,-330.0135928223952,165.35624209206748
197,-532.9581856323857,358.43532817698417,-532.9581856323857,358.43532817698417
198,-380.77920583718713,254.9753582014457,-380.77920583718713,254.9753582014457
199,-402.2250671379317,230.71016941255138,-402.2250671379317,230.71016941255138
