,Stepsrewards,Stepsci,Episoderewards,Episodeci
0,-1172.2382576342618,0.0,-1172.2382576342618,0.0
1,-1483.8337905717342,67.96761598994937,-1483.8337905717342,67.96761598994937
2,-1418.925564789456,166.78497168566545,-1418.925564789456,166.78497168566545
3,-1504.5469921024517,171.2237617230765,-1504.5469921024517,171.2237617230765
4,-1350.6292889240958,156.3310637280599,-1350.6292889240958,156.3310637280599
5,-1323.151728694162,134.45504455288946,-1323.151728694162,134.45504455288946
6,-1429.9534841960283,146.88443012894646,-1429.9534841960283,146.88443012894646
7,-1449.5997815716112,88.44474469154625,-1449.5997815716112,88.44474469154625
8,-1244.3768009488756,114.28348308317224,-1244.3768009488756,114.28348308317224
9,-1301.1896463656574,117.75095106033466,-1301.1896463656574,117.75095106033466
10,-1249.4921028918932,117.41217955640164,-1249.4921028918932,117.41217955640164
11,-1326.6911514753356,167.00361028998725,-1326.6911514753356,167.00361028998725
12,-1204.2897650985926,169.88081750006788,-1204.2897650985926,169.88081750006788
13,-1217.593467769537,138.6704240271813,-1217.593467769537,138.6704240271813
14,-1132.2607824866386,102.90733820916283,-1132.2607824866386,102.90733820916283
15,-1022.1953975924739,83.3690057966997,-1022.1953975924739,83.3690057966997
16,-1125.2506794438168,170.4793571503369,-1125.2506794438168,170.4793571503369
17,-1111.5738153149132,108.92395783485593,-1111.5738153149132,108.92395783485593
18,-941.7480055526241,55.39564990470571,-941.7480055526241,55.39564990470571
19,-1020.6070684245478,35.028217373191445,-1020.6070684245478,35.028217373191445
20,-1042.170299788343,74.95587351797205,-1042.170299788343,74.95587351797205
21,-955.9719234809039,31.969655966194345,-955.9719234809039,31.969655966194345
22,-954.7479766967932,27.454493028103446,-954.7479766967932,27.454493028103446
23,-998.3501281110484,63.91396938000557,-998.3501281110484,63.91396938000557
24,-935.4223146402669,91.67169466198366,-935.4223146402669,91.67169466198366
25,-997.2288115626351,26.815021934729483,-997.2288115626351,26.815021934729483
26,-1006.6818287070857,84.77632852922783,-1006.6818287070857,84.77632852922783
27,-1056.43027608064,54.85066675428336,-1056.43027608064,54.85066675428336
28,-1027.4244121447482,30.981226784288825,-1027.4244121447482,30.981226784288825
29,-974.249256853319,40.86499527599973,-974.249256853319,40.86499527599973
30,-1004.1342135890994,71.5293243200943,-1004.1342135890994,71.5293243200943
31,-989.8950151020538,60.03329910691433,-989.8950151020538,60.03329910691433
32,-1061.8392664362264,86.91948947225835,-1061.8392664362264,86.91948947225835
33,-965.7224610903108,56.55194913350461,-965.7224610903108,56.55194913350461
34,-1066.1467197244367,97.1052264462882,-1066.1467197244367,97.1052264462882
35,-1047.936577054587,80.65879289651025,-1047.936577054587,80.65879289651025
36,-1049.6844897129695,74.40364075425124,-1049.6844897129695,74.40364075425124
37,-1085.6783138881256,55.17697752122831,-1085.6783138881256,55.17697752122831
38,-1110.4608385101849,42.560489723606345,-1110.4608385101849,42.560489723606345
39,-1055.0785012477704,55.285322637122356,-1055.0785012477704,55.285322637122356
40,-1077.57539805827,75.67610349125907,-1077.57539805827,75.67610349125907
41,-1025.0735323977417,81.36472368587908,-1025.0735323977417,81.36472368587908
42,-1021.6454074925334,96.3792467762538,-1021.6454074925334,96.3792467762538
43,-966.5346148006433,57.235365735542295,-966.5346148006433,57.235365735542295
44,-1064.8724850680735,30.72962728255918,-1064.8724850680735,30.72962728255918
45,-1058.1605259384814,35.04667133760812,-1058.1605259384814,35.04667133760812
46,-1057.0793823946801,21.910575945904053,-1057.0793823946801,21.910575945904053
47,-1020.0234487567453,175.16387398548827,-1020.0234487567453,175.16387398548827
48,-939.40852129989,157.29255345146396,-939.40852129989,157.29255345146396
49,-1070.3438062049806,48.54291286373962,-1070.3438062049806,48.54291286373962
50,-1019.3911812275908,32.91662391717027,-1019.3911812275908,32.91662391717027
51,-931.9792987551805,91.21226951651813,-931.9792987551805,91.21226951651813
52,-1052.4378183671927,50.30370733791395,-1052.4378183671927,50.30370733791395
53,-964.8202846370292,50.15416176171154,-964.8202846370292,50.15416176171154
54,-1010.0889785640821,49.295142774571765,-1010.0889785640821,49.295142774571765
55,-1018.0061002227612,77.50544130763502,-1018.0061002227612,77.50544130763502
56,-1002.5497663974106,82.56470097636635,-1002.5497663974106,82.56470097636635
57,-980.6944541592871,59.7510433144427,-980.6944541592871,59.7510433144427
58,-869.9984091831402,327.03648032920535,-869.9984091831402,327.03648032920535
59,-991.1307274740184,51.85046734699284,-991.1307274740184,51.85046734699284
60,-762.7481633313771,239.92517763121006,-762.7481633313771,239.92517763121006
61,-1016.3381278600536,26.282859672210783,-1016.3381278600536,26.282859672210783
62,-746.0449239978418,238.57910773137843,-746.0449239978418,238.57910773137843
63,-984.5959883666824,83.01915317894844,-984.5959883666824,83.01915317894844
64,-852.6101361843778,227.78373146289698,-852.6101361843778,227.78373146289698
65,-1004.5781901074598,42.311500924003354,-1004.5781901074598,42.311500924003354
66,-909.815230142591,157.13855366396396,-909.815230142591,157.13855366396396
67,-844.0867752551951,176.27439226153368,-844.0867752551951,176.27439226153368
68,-751.6666406732338,212.86016964989557,-751.6666406732338,212.86016964989557
69,-858.0763889841143,226.62157054503618,-858.0763889841143,226.62157054503618
70,-868.0786857981765,100.1687054248364,-868.0786857981765,100.1687054248364
71,-694.791366692867,276.57830540399374,-694.791366692867,276.57830540399374
72,-1017.9481479238391,18.82033981087911,-1017.9481479238391,18.82033981087911
73,-800.2595817944054,113.03464370740453,-800.2595817944054,113.03464370740453
74,-927.4145174018331,146.54511867724307,-927.4145174018331,146.54511867724307
75,-722.6419813103134,217.393627781299,-722.6419813103134,217.393627781299
76,-733.7142881759388,308.62033717428903,-733.7142881759388,308.62033717428903
77,-925.4799348616752,126.14492081833109,-925.4799348616752,126.14492081833109
78,-837.7258285176314,170.02601530698806,-837.7258285176314,170.02601530698806
79,-790.0400389137526,212.2445656353263,-790.0400389137526,212.2445656353263
80,-478.09923794748704,276.75609670510266,-478.09923794748704,276.75609670510266
81,-783.5576722865787,230.48902229063796,-783.5576722865787,230.48902229063796
82,-589.1296426042487,292.9505356190674,-589.1296426042487,292.9505356190674
83,-525.9125645738334,300.6451048505916,-525.9125645738334,300.6451048505916
84,-624.8665370970086,169.8708235322344,-624.8665370970086,169.8708235322344
85,-580.5692669168433,255.82556003965914,-580.5692669168433,255.82556003965914
86,-381.2709437172627,236.67300545749762,-381.2709437172627,236.67300545749762
87,-402.4726001896405,176.16424971329113,-402.4726001896405,176.16424971329113
88,-467.4982995295827,316.8884253948954,-467.4982995295827,316.8884253948954
89,-479.0475089414009,174.3630404658795,-479.0475089414009,174.3630404658795
90,-430.872657794598,172.696633479411,-430.872657794598,172.696633479411
91,-376.69495900026715,165.7227644946063,-376.69495900026715,165.7227644946063
92,-713.0734655743363,213.06206953544785,-713.0734655743363,213.06206953544785
93,-419.8710065758984,145.81939982668672,-419.8710065758984,145.81939982668672
94,-752.3961491244303,206.79842403332515,-752.3961491244303,206.79842403332515
95,-383.3096850429817,152.23374641653615,-383.3096850429817,152.23374641653615
96,-444.3657440186425,303.8364244385329,-444.3657440186425,303.8364244385329
97,-563.4470036799294,287.6927056580516,-563.4470036799294,287.6927056580516
98,-400.9976532121201,167.04454441468127,-400.9976532121201,167.04454441468127
99,-567.9969017172012,267.55199493478085,-567.9969017172012,267.55199493478085
100,-589.0059213634673,171.53155880181095,-589.0059213634673,171.53155880181095
101,-643.2672527213288,508.8837658461449,-643.2672527213288,508.8837658461449
102,-625.4586063525747,417.7931837385235,-625.4586063525747,417.7931837385235
103,-737.7551268718751,601.65256038502,-737.7551268718751,601.65256038502
104,-498.65126805726567,276.9180836120173,-498.65126805726567,276.9180836120173
105,-649.2439679829911,147.69803901786872,-649.2439679829911,147.69803901786872
106,-1172.389532262371,330.8808867336034,-1172.389532262371,330.8808867336034
107,-567.5853656093162,215.53156525198804,-567.5853656093162,215.53156525198804
108,-975.9569373853582,445.6990158141796,-975.9569373853582,445.6990158141796
109,-585.7731371051349,589.972356401855,-585.7731371051349,589.972356401855
110,-571.2357337704243,378.91459980750693,-571.2357337704243,378.91459980750693
111,-495.19860514743425,361.8979896526251,-495.19860514743425,361.8979896526251
112,-486.5316167197812,314.9152080473866,-486.5316167197812,314.9152080473866
113,-442.39233519729197,338.12260539142125,-442.39233519729197,338.12260539142125
114,-298.01712187645586,246.47192858798167,-298.01712187645586,246.47192858798167
115,-460.5186073859709,274.49593504956766,-460.5186073859709,274.49593504956766
116,-519.5129565378166,294.3704695837834,-519.5129565378166,294.3704695837834
117,-329.6896461341992,134.28682390307858,-329.6896461341992,134.28682390307858
118,-354.9811002864439,263.294821918349,-354.9811002864439,263.294821918349
119,-600.7708472466018,267.35706566588163,-600.7708472466018,267.35706566588163
120,-419.8321330587118,272.5077307814785,-419.8321330587118,272.5077307814785
121,-290.1734066081681,127.57748289806129,-290.1734066081681,127.57748289806129
122,-536.5177075442265,225.3175936924761,-536.5177075442265,225.3175936924761
123,-334.0761137237066,252.10766848045228,-334.0761137237066,252.10766848045228
124,-299.6398784395188,157.5129399227785,-299.6398784395188,157.5129399227785
125,-401.9280249773691,229.76610159994908,-401.9280249773691,229.76610159994908
126,-401.2549317006729,229.3913293024214,-401.2549317006729,229.3913293024214
127,-307.7903500005055,157.0503228656007,-307.7903500005055,157.0503228656007
128,-226.16969249570087,119.98018769778203,-226.16969249570087,119.98018769778203
129,-275.2674198788028,154.53487991294062,-275.2674198788028,154.53487991294062
130,-407.44491929277854,187.49718749550524,-407.44491929277854,187.49718749550524
131,-295.9259662220348,102.37259052142105,-295.9259662220348,102.37259052142105
132,-456.23329696855825,99.37112531077096,-456.23329696855825,99.37112531077096
133,-272.9630360593551,176.07145136649564,-272.9630360593551,176.07145136649564
134,-251.14140493800426,112.43194556949261,-251.14140493800426,112.43194556949261
135,-313.9618740212545,167.66096057501503,-313.9618740212545,167.66096057501503
136,-183.74996646263335,51.95375176759194,-183.74996646263335,51.95375176759194
137,-275.08375358931323,99.11200627024476,-275.08375358931323,99.11200627024476
138,-156.85609337312977,39.445679767200396,-156.85609337312977,39.445679767200396
139,-517.6731713383358,334.92204234046307,-517.6731713383358,334.92204234046307
140,-435.73383849560935,277.26602824608216,-435.73383849560935,277.26602824608216
141,-207.9297539995974,49.11482990469609,-207.9297539995974,49.11482990469609
142,-386.41749106848005,251.3093767115388,-386.41749106848005,251.3093767115388
143,-208.30746338488444,80.89334779481972,-208.30746338488444,80.89334779481972
144,-336.3793922976386,259.05056080276483,-336.3793922976386,259.05056080276483
145,-259.6804084096037,135.66154366394204,-259.6804084096037,135.66154366394204
146,-236.64621223077933,78.83856989401421,-236.64621223077933,78.83856989401421
147,-320.90871242392075,163.57203067910496,-320.90871242392075,163.57203067910496
148,-229.1726158795135,74.39333558358301,-229.1726158795135,74.39333558358301
149,-470.6350064089984,222.52379813651555,-470.6350064089984,222.52379813651555
150,-111.04557910101386,77.33325882483922,-111.04557910101386,77.33325882483922
151,-660.0852161273255,205.11572421107806,-660.0852161273255,205.11572421107806
152,-787.5833575653636,293.1900124498047,-787.5833575653636,293.1900124498047
153,-558.1473486199019,253.9676267362664,-558.1473486199019,253.9676267362664
154,-777.7539009101968,142.26673038311955,-777.7539009101968,142.26673038311955
155,-644.1199097447183,209.4530474989731,-644.1199097447183,209.4530474989731
156,-232.99876183351844,104.7424821460102,-232.99876183351844,104.7424821460102
157,-355.50402951060835,271.3100140254826,-355.50402951060835,271.3100140254826
158,-343.2683179455387,174.40659674155683,-343.2683179455387,174.40659674155683
159,-400.41167776259164,236.54585620212504,-400.41167776259164,236.54585620212504
160,-307.82406706790016,314.3933291926154,-307.82406706790016,314.3933291926154
161,-989.8019073377952,698.914645447766,-989.8019073377952,698.914645447766
162,-180.1885540992487,143.6030352215785,-180.1885540992487,143.6030352215785
163,-673.9248570148679,408.9430425148638,-673.9248570148679,408.9430425148638
164,-402.1604260424163,236.3078245190305,-402.1604260424163,236.3078245190305
165,-471.49848986809474,270.10560547856335,-471.49848986809474,270.10560547856335
166,-157.60900528783625,41.83459178910312,-157.60900528783625,41.83459178910312
167,-448.95799218285754,220.15737453577677,-448.95799218285754,220.15737453577677
168,-407.1391912168732,306.6526004802105,-407.1391912168732,306.6526004802105
169,-199.7185719885609,50.1818762950652,-199.7185719885609,50.1818762950652
170,-175.85709280749245,190.28171018165034,-175.85709280749245,190.28171018165034
171,-365.41296669856587,213.96393764393727,-365.41296669856587,213.96393764393727
172,-128.2997523008583,64.09650276316387,-128.2997523008583,64.09650276316387
173,-225.79249827619083,103.07661512226532,-225.79249827619083,103.07661512226532
174,-282.3675196147947,176.3869179706796,-282.3675196147947,176.3869179706796
175,-232.79257315765602,193.89194898307844,-232.79257315765602,193.89194898307844
176,-279.5255105373025,270.0016603868177,-279.5255105373025,270.0016603868177
177,-311.727156747114,123.47885211636832,-311.727156747114,123.47885211636832
178,-516.9874523228207,193.03336394593927,-516.9874523228207,193.03336394593927
179,-512.4067066463465,342.234873767517,-512.4067066463465,342.234873767517
180,-272.7894464752021,127.572342127489,-272.7894464752021,127.572342127489
181,-293.8607729200367,146.15521422881196,-293.8607729200367,146.15521422881196
182,-218.19953499015855,217.92711890309528,-218.19953499015855,217.92711890309528
183,-341.1847368340756,190.95683096096377,-341.1847368340756,190.95683096096377
184,-415.7385845175469,140.23143769228727,-415.7385845175469,140.23143769228727
185,-303.0713101319937,135.5450738105167,-303.0713101319937,135.5450738105167
186,-251.67486319404972,117.81730826432589,-251.67486319404972,117.81730826432589
187,-546.5027063026808,347.4941024680067,-546.5027063026808,347.4941024680067
188,-301.5642721182914,202.2343419829094,-301.5642721182914,202.2343419829094
189,-248.36765654208452,67.61040398418169,-248.36765654208452,67.61040398418169
190,-310.28338276335273,169.73726212719652,-310.28338276335273,169.73726212719652
191,-366.64530069176044,328.1345020771373,-366.64530069176044,328.1345020771373
192,-178.0708201064426,81.40053391554483,-178.0708201064426,81.40053391554483
193,-315.14954536995447,78.6559232850748,-315.14954536995447,78.6559232850748
194,-326.65715459843176,188.06042582009798,-326.65715459843176,188.06042582009798
195,-373.1840806437294,98.933584457984,-373.1840806437294,98.933584457984
196,-506.29548182245503,268.3676175084683,-506.29548182245503,268.3676175084683
197,-488.5576931071439,346.7160242251874,-488.5576931071439,346.7160242251874
198,-347.5192398316958,280.3491158465383,-347.5192398316958,280.3491158465383
199,-406.22767189845456,229.07016794134918,-406.22767189845456,229.07016794134918
