,Stepsrewards,Stepsci,Episoderewards,Episodeci
0,-1353.6553104493744,0.0,-1353.6553104493744,0.0
1,-1420.6487264383154,67.17859858258272,-1420.6487264383154,67.17859858258272
2,-1389.0469431014817,161.82965418526308,-1389.0469431014817,161.82965418526308
3,-1442.8572536374215,148.42659928838688,-1442.8572536374215,148.42659928838688
4,-1463.1393227289143,85.66079901649238,-1463.1393227289143,85.66079901649238
5,-1410.4825865135763,104.45348143198422,-1410.4825865135763,104.45348143198422
6,-1356.2996895601034,156.73047470056989,-1356.2996895601034,156.73047470056989
7,-1373.1846532993748,208.11495179924248,-1373.1846532993748,208.11495179924248
8,-1223.933327390458,98.67217024324181,-1223.933327390458,98.67217024324181
9,-1303.435756302785,153.4507793557505,-1303.435756302785,153.4507793557505
10,-1308.7457229701558,147.36135829316024,-1308.7457229701558,147.36135829316024
11,-1295.2765845765814,173.03062547809824,-1295.2765845765814,173.03062547809824
12,-1160.7972016720537,178.0323527584829,-1160.7972016720537,178.0323527584829
13,-1051.917649225701,212.63651925430355,-1051.917649225701,212.63651925430355
14,-1034.3839901639485,105.28392955367283,-1034.3839901639485,105.28392955367283
15,-1011.371297987031,95.85483721170536,-1011.371297987031,95.85483721170536
16,-1009.7343386766117,48.985041637606415,-1009.7343386766117,48.985041637606415
17,-1017.3832433298228,46.552271042162246,-1017.3832433298228,46.552271042162246
18,-921.8858232509857,45.07901045445423,-921.8858232509857,45.07901045445423
19,-985.9910889119818,28.596222385877432,-985.9910889119818,28.596222385877432
20,-1034.2684461065285,49.05906181461444,-1034.2684461065285,49.05906181461444
21,-975.6569549271115,31.548301048002497,-975.6569549271115,31.548301048002497
22,-996.7632141103473,9.7974129716563,-996.7632141103473,9.7974129716563
23,-1002.4971311618801,41.19088858018626,-1002.4971311618801,41.19088858018626
24,-983.8551917480904,75.89619159845691,-983.8551917480904,75.89619159845691
25,-970.0611283581933,54.99992088373395,-970.0611283581933,54.99992088373395
26,-1012.1503269317287,59.57815121790465,-1012.1503269317287,59.57815121790465
27,-1050.6718404124613,59.83419391345453,-1050.6718404124613,59.83419391345453
28,-989.2448747314302,9.934802055993602,-989.2448747314302,9.934802055993602
29,-962.1935807299889,32.61636625365951,-962.1935807299889,32.61636625365951
30,-942.542169845729,38.056944624046906,-942.542169845729,38.056944624046906
31,-1021.0570859371716,43.109158913084876,-1021.0570859371716,43.109158913084876
32,-1066.502925849283,158.20245811714838,-1066.502925849283,158.20245811714838
33,-978.246249294452,46.49536397523639,-978.246249294452,46.49536397523639
34,-959.9859376562283,60.15672349048858,-959.9859376562283,60.15672349048858
35,-1009.0465442388988,17.21624500653819,-1009.0465442388988,17.21624500653819
36,-1011.0358108117636,8.56274512785463,-1011.0358108117636,8.56274512785463
37,-1061.8263344072773,47.32309851918288,-1061.8263344072773,47.32309851918288
38,-1045.1982371715094,12.290437319107673,-1045.1982371715094,12.290437319107673
39,-1004.8984937252075,69.8447346329302,-1004.8984937252075,69.8447346329302
40,-1064.9907414171719,47.02911402252122,-1064.9907414171719,47.02911402252122
41,-1001.4874653988053,47.71639062763933,-1001.4874653988053,47.71639062763933
42,-973.8208043330834,60.86816565490414,-973.8208043330834,60.86816565490414
43,-969.1348757978918,35.635071930697436,-969.1348757978918,35.635071930697436
44,-882.8610797469536,11.070547336130982,-882.8610797469536,11.070547336130982
45,-920.5542269125389,35.59374879092155,-920.5542269125389,35.59374879092155
46,-924.8298930449117,46.63361586243953,-924.8298930449117,46.63361586243953
47,-915.7184735701686,40.02055087436352,-915.7184735701686,40.02055087436352
48,-951.2189689274109,35.712072025688606,-951.2189689274109,35.712072025688606
49,-946.3718343100438,44.378977274061114,-946.3718343100438,44.378977274061114
50,-937.8506114269912,52.206078598772535,-937.8506114269912,52.206078598772535
51,-982.3807811699558,26.88884201036016,-982.3807811699558,26.88884201036016
52,-1010.98943394984,68.17473863015607,-1010.98943394984,68.17473863015607
53,-882.7214072369169,69.52244617233261,-882.7214072369169,69.52244617233261
54,-934.7791847227721,70.88175683239626,-934.7791847227721,70.88175683239626
55,-946.5708213283909,55.65622842171973,-946.5708213283909,55.65622842171973
56,-905.1823380881335,83.67384110133031,-905.1823380881335,83.67384110133031
57,-901.5443347976491,17.28103444739933,-901.5443347976491,17.28103444739933
58,-952.4056924960219,55.652658950545984,-952.4056924960219,55.652658950545984
59,-914.3594080414136,54.256538693214026,-914.3594080414136,54.256538693214026
60,-928.6502372497017,30.71584596825286,-928.6502372497017,30.71584596825286
61,-972.6987134158497,40.04021485358167,-972.6987134158497,40.04021485358167
62,-963.8008027621445,29.224712264276814,-963.8008027621445,29.224712264276814
63,-1050.742896083652,53.02976494272405,-1050.742896083652,53.02976494272405
64,-976.588711417512,21.17367120909095,-976.588711417512,21.17367120909095
65,-968.8854772965966,35.58709293747939,-968.8854772965966,35.58709293747939
66,-1038.331153247514,32.52237460720127,-1038.331153247514,32.52237460720127
67,-998.4728487985371,71.74166069712973,-998.4728487985371,71.74166069712973
68,-975.3546385652863,35.094729293812435,-975.3546385652863,35.094729293812435
69,-933.3326917508371,29.77333103376841,-933.3326917508371,29.77333103376841
70,-981.9950680580553,42.5702418323287,-981.9950680580553,42.5702418323287
71,-929.1429595684812,59.95018884247194,-929.1429595684812,59.95018884247194
72,-962.5524579586516,46.55525573815893,-962.5524579586516,46.55525573815893
73,-951.7583169131424,34.7069473969206,-951.7583169131424,34.7069473969206
74,-954.4268192517951,47.25377679499212,-954.4268192517951,47.25377679499212
75,-938.97417724331,41.389867842163355,-938.97417724331,41.389867842163355
76,-924.7765245636691,40.63266648661247,-924.7765245636691,40.63266648661247
77,-705.3954542960564,311.37139464646776,-705.3954542960564,311.37139464646776
78,-858.8490272177575,55.81636339117971,-858.8490272177575,55.81636339117971
79,-922.789594418445,43.56756599150863,-922.789594418445,43.56756599150863
80,-721.0490979551823,192.62824385411355,-721.0490979551823,192.62824385411355
81,-779.7065586728694,96.27915494391004,-779.7065586728694,96.27915494391004
82,-970.7575040796069,53.862211299689676,-970.7575040796069,53.862211299689676
83,-436.6314001687678,274.8237425330777,-436.6314001687678,274.8237425330777
84,-674.1511064087163,201.60585535782883,-674.1511064087163,201.60585535782883
85,-715.4449218558525,239.36541603069824,-715.4449218558525,239.36541603069824
86,-303.08862577698187,186.2236001666638,-303.08862577698187,186.2236001666638
87,-556.2825048706202,252.08503917720898,-556.2825048706202,252.08503917720898
88,-460.0125932494962,316.7790630432428,-460.0125932494962,316.7790630432428
89,-604.8579004308237,249.4133006471396,-604.8579004308237,249.4133006471396
90,-381.449159556077,157.65815663221173,-381.449159556077,157.65815663221173
91,-329.1172772705595,90.02713472377398,-329.1172772705595,90.02713472377398
92,-466.7844136878574,247.99997178612267,-466.7844136878574,247.99997178612267
93,-323.4529156573383,51.506888046139395,-323.4529156573383,51.506888046139395
94,-561.7397458085446,181.47884797491602,-561.7397458085446,181.47884797491602
95,-282.36805921774754,125.71534480343716,-282.36805921774754,125.71534480343716
96,-277.8075391844352,159.38481315175616,-277.8075391844352,159.38481315175616
97,-427.97223420261037,233.61373102480704,-427.97223420261037,233.61373102480704
98,-293.27050523906996,82.29763854947522,-293.27050523906996,82.29763854947522
99,-313.60514269585804,167.3495772122737,-313.60514269585804,167.3495772122737
100,-433.10818012542006,246.08288651522295,-433.10818012542006,246.08288651522295
101,-354.3113600073634,296.623761082875,-354.3113600073634,296.623761082875
102,-404.58641373843307,269.315958332251,-404.58641373843307,269.315958332251
103,-653.3678426753571,207.65849719451575,-653.3678426753571,207.65849719451575
104,-399.878835400021,349.3950072829274,-399.878835400021,349.3950072829274
105,-386.07253702898737,325.6052115851877,-386.07253702898737,325.6052115851877
106,-937.7021942703736,547.1919161973531,-937.7021942703736,547.1919161973531
107,-174.90914201586008,54.6507727061313,-174.90914201586008,54.6507727061313
108,-567.9005453806266,182.79190305681882,-567.9005453806266,182.79190305681882
109,-503.092503785166,319.93978204611517,-503.092503785166,319.93978204611517
110,-529.0316977068699,337.70360338496005,-529.0316977068699,337.70360338496005
111,-499.93635907585104,344.4340550367738,-499.93635907585104,344.4340550367738
112,-522.6070843997015,298.4430134713086,-522.6070843997015,298.4430134713086
113,-662.0110846685152,343.39757207409656,-662.0110846685152,343.39757207409656
114,-609.3669828933062,390.25608872859664,-609.3669828933062,390.25608872859664
115,-840.8929390722947,159.07175902427227,-840.8929390722947,159.07175902427227
116,-681.1971127831896,207.7521531474323,-681.1971127831896,207.7521531474323
117,-521.7790834121505,343.9428276357739,-521.7790834121505,343.9428276357739
118,-529.1598381416201,454.7074357324249,-529.1598381416201,454.7074357324249
119,-953.6526963943836,57.296922744948226,-953.6526963943836,57.296922744948226
120,-555.528521049832,266.0378757956928,-555.528521049832,266.0378757956928
121,-419.99015367572423,249.35975904712578,-419.99015367572423,249.35975904712578
122,-600.8051468523565,233.50232836923078,-600.8051468523565,233.50232836923078
123,-536.5574317969829,272.1238447532813,-536.5574317969829,272.1238447532813
124,-689.910657457775,567.1491848213052,-689.910657457775,567.1491848213052
125,-693.8093322143194,145.63336912262255,-693.8093322143194,145.63336912262255
126,-497.81125614520766,180.0507351392516,-497.81125614520766,180.0507351392516
127,-552.4729507289389,229.93048569457898,-552.4729507289389,229.93048569457898
128,-317.6711442587173,211.9120415064855,-317.6711442587173,211.9120415064855
129,-856.5957055888992,320.3828894519585,-856.5957055888992,320.3828894519585
130,-991.2975513481734,386.76039242487997,-991.2975513481734,386.76039242487997
131,-446.03413586597236,221.29031679433228,-446.03413586597236,221.29031679433228
132,-448.51335741405865,97.12843272889538,-448.51335741405865,97.12843272889538
133,-269.3522521332394,176.8196337988799,-269.3522521332394,176.8196337988799
134,-249.46225626924408,112.66779687345222,-249.46225626924408,112.66779687345222
135,-299.77721791689265,146.3700643544698,-299.77721791689265,146.3700643544698
136,-227.13769479311566,125.76482289066118,-227.13769479311566,125.76482289066118
137,-408.826651583397,190.54123927718928,-408.826651583397,190.54123927718928
138,-338.59550080871463,312.490953728833,-338.59550080871463,312.490953728833
139,-591.1621804245127,346.8279622068792,-591.1621804245127,346.8279622068792
140,-403.16653551743826,229.17495333858514,-403.16653551743826,229.17495333858514
141,-203.60207596761566,50.207625337976225,-203.60207596761566,50.207625337976225
142,-365.90253740209766,228.21022829115108,-365.90253740209766,228.21022829115108
143,-202.0592680472838,81.52522242508643,-202.0592680472838,81.52522242508643
144,-331.0638875750854,262.03411234894685,-331.0638875750854,262.03411234894685
145,-307.70943711546363,167.60890824193905,-307.70943711546363,167.60890824193905
146,-227.80950839906927,77.45485579863623,-227.80950839906927,77.45485579863623
147,-372.2273462919736,135.6526591390133,-372.2273462919736,135.6526591390133
148,-319.07547102618565,167.37046437971622,-319.07547102618565,167.37046437971622
149,-449.071156087017,201.65351121835582,-449.071156087017,201.65351121835582
150,-105.90039622203207,76.95406728317688,-105.90039622203207,76.95406728317688
151,-273.96092406126127,154.2172948523807,-273.96092406126127,154.2172948523807
152,-401.96759895846003,216.84533214741467,-401.96759895846003,216.84533214741467
153,-374.18806737249065,151.41207454059472,-374.18806737249065,151.41207454059472
154,-349.7863083516601,121.46835602588261,-349.7863083516601,121.46835602588261
155,-329.9735739791003,135.33964174432654,-329.9735739791003,135.33964174432654
156,-273.2411336293043,171.15740514797474,-273.2411336293043,171.15740514797474
157,-200.74047611927398,140.22919935566537,-200.74047611927398,140.22919935566537
158,-295.0191407652032,104.24495096724914,-295.0191407652032,104.24495096724914
159,-199.2503920336673,48.17369167793847,-199.2503920336673,48.17369167793847
160,-128.56476245525934,66.8014743165721,-128.56476245525934,66.8014743165721
161,-324.15709342950714,229.7151320694662,-324.15709342950714,229.7151320694662
162,-129.7340226578341,64.930782746681,-129.7340226578341,64.930782746681
163,-275.29334406943946,126.39419278329883,-275.29334406943946,126.39419278329883
164,-387.1271848053717,210.234068784222,-387.1271848053717,210.234068784222
165,-278.7573071780807,182.28962422512836,-278.7573071780807,182.28962422512836
166,-305.19187495346847,257.16683679454354,-305.19187495346847,257.16683679454354
167,-249.52749629918017,93.46033733881424,-249.52749629918017,93.46033733881424
168,-362.83758068585934,259.52409898296963,-362.83758068585934,259.52409898296963
169,-198.62757201463495,52.084352358407465,-198.62757201463495,52.084352358407465
170,-129.02396435289114,113.42163233930796,-129.02396435289114,113.42163233930796
171,-327.8963893654159,149.74871026435835,-327.8963893654159,149.74871026435835
172,-129.35035463924993,65.31064740666682,-129.35035463924993,65.31064740666682
173,-225.872227096646,103.90293693921986,-225.872227096646,103.90293693921986
174,-473.39180976845677,464.63440002029984,-473.39180976845677,464.63440002029984
175,-233.38704418255665,192.0824062344824,-233.38704418255665,192.0824062344824
176,-225.44235572179883,172.2361516817771,-225.44235572179883,172.2361516817771
177,-316.4402116002873,123.35850893764623,-316.4402116002873,123.35850893764623
178,-496.2856725644832,155.16894757539018,-496.2856725644832,155.16894757539018
179,-381.70827039923023,205.7456548120343,-381.70827039923023,205.7456548120343
180,-274.5447581877924,124.10364844571318,-274.5447581877924,124.10364844571318
181,-294.14915070799066,141.00094032341923,-294.14915070799066,141.00094032341923
182,-207.12469917771443,194.50237066594258,-207.12469917771443,194.50237066594258
183,-335.1106982479858,180.60131381976456,-335.1106982479858,180.60131381976456
184,-442.6528791323088,188.48564384975637,-442.6528791323088,188.48564384975637
185,-305.1214506979497,135.14889227016704,-305.1214506979497,135.14889227016704
186,-295.4376639388849,192.27104899541385,-295.4376639388849,192.27104899541385
187,-323.1458839416707,172.30447420270775,-323.1458839416707,172.30447420270775
188,-311.4817592070607,208.06934315326097,-311.4817592070607,208.06934315326097
189,-246.99152862440775,66.46139748325274,-246.99152862440775,66.46139748325274
190,-315.76908191595106,177.86939495662037,-315.76908191595106,177.86939495662037
191,-178.7774780274692,105.97941626966893,-178.7774780274692,105.97941626966893
192,-178.62009816028808,82.2372744122082,-178.62009816028808,82.2372744122082
193,-320.54817921143325,85.06016241634323,-320.54817921143325,85.06016241634323
194,-324.3962001334695,187.21867645857395,-324.3962001334695,187.21867645857395
195,-368.0820304830006,96.72756191023977,-368.0820304830006,96.72756191023977
196,-346.2714417721284,194.97524671380916,-346.2714417721284,194.97524671380916
197,-151.79237946734025,39.83506651575853,-151.79237946734025,39.83506651575853
198,-176.26864038541336,49.89281189747453,-176.26864038541336,49.89281189747453
199,-398.7715100092167,229.6570754521288,-398.7715100092167,229.6570754521288
