,Stepsrewards,Stepsci,Episoderewards,Episodeci
0,-1056.4808848235407,0.0,-1056.4808848235407,0.0
1,-1393.1318475007868,91.67377142376786,-1393.1318475007868,91.67377142376786
2,-1472.2756823628565,124.61946543228537,-1472.2756823628565,124.61946543228537
3,-1386.3712219632328,113.1808629569331,-1386.3712219632328,113.1808629569331
4,-1373.543776133209,116.31415901745942,-1373.543776133209,116.31415901745942
5,-1285.193021344312,147.25731662401543,-1285.193021344312,147.25731662401543
6,-1453.475510238873,91.62494640687464,-1453.475510238873,91.62494640687464
7,-1450.1959151899212,94.63177258907643,-1450.1959151899212,94.63177258907643
8,-1308.33495464021,131.94869395506473,-1308.33495464021,131.94869395506473
9,-1326.7750992671458,92.3475752818619,-1326.7750992671458,92.3475752818619
10,-1259.1532405253597,158.45020633739105,-1259.1532405253597,158.45020633739105
11,-1452.3343132478922,87.93303891477464,-1452.3343132478922,87.93303891477464
12,-1425.3841076653082,116.52851534877348,-1425.3841076653082,116.52851534877348
13,-1178.7014552163816,336.9473681343565,-1178.7014552163816,336.9473681343565
14,-1464.14185990757,99.4719431554482,-1464.14185990757,99.4719431554482
15,-1391.9413077984693,216.94146577357563,-1391.9413077984693,216.94146577357563
16,-1447.4235638318885,40.10365081647668,-1447.4235638318885,40.10365081647668
17,-1444.8207948567,75.97070824059048,-1444.8207948567,75.97070824059048
18,-1148.6766626077722,250.15548320367287,-1148.6766626077722,250.15548320367287
19,-1287.1551508113384,137.07738756612974,-1287.1551508113384,137.07738756612974
20,-1410.8840271516447,74.77877848660904,-1410.8840271516447,74.77877848660904
21,-1317.0218306327508,143.01666070279268,-1317.0218306327508,143.01666070279268
22,-1327.11284785909,84.51180753522866,-1327.11284785909,84.51180753522866
23,-1267.2786438571525,116.39184024597535,-1267.2786438571525,116.39184024597535
24,-1071.4249207915832,195.73759745853798,-1071.4249207915832,195.73759745853798
25,-931.8638816240838,171.0726618391879,-931.8638816240838,171.0726618391879
26,-1133.572907281874,225.2848593347989,-1133.572907281874,225.2848593347989
27,-1148.3500885632063,146.69344417315,-1148.3500885632063,146.69344417315
28,-973.9359951506311,268.895187747573,-973.9359951506311,268.895187747573
29,-863.427015647816,166.58707120906166,-863.427015647816,166.58707120906166
30,-785.6646575690239,94.7399399567238,-785.6646575690239,94.7399399567238
31,-638.5232307744214,156.9027327386791,-638.5232307744214,156.9027327386791
32,-1053.7602975949255,337.69281062746404,-1053.7602975949255,337.69281062746404
33,-796.8589120047851,260.48755861676,-796.8589120047851,260.48755861676
34,-971.7513363818491,250.8375202898317,-971.7513363818491,250.8375202898317
35,-692.0981312113474,122.54074043043025,-692.0981312113474,122.54074043043025
36,-655.4982564174769,141.3079879857361,-655.4982564174769,141.3079879857361
37,-927.6223838582698,251.23660264968882,-927.6223838582698,251.23660264968882
38,-699.466007621672,139.90564949102475,-699.466007621672,139.90564949102475
39,-788.435519229812,341.06015848805544,-788.435519229812,341.06015848805544
40,-908.2006011366434,272.13207105304286,-908.2006011366434,272.13207105304286
41,-886.9035985165447,299.59928501603207,-886.9035985165447,299.59928501603207
42,-801.58958748855,327.75920831674983,-801.58958748855,327.75920831674983
43,-479.3486275795556,158.22977190524855,-479.3486275795556,158.22977190524855
44,-280.0871333586424,166.2944787984735,-280.0871333586424,166.2944787984735
45,-357.13324124003054,37.07236432869854,-357.13324124003054,37.07236432869854
46,-365.7069348938356,329.5106492105323,-365.7069348938356,329.5106492105323
47,-462.2302992024338,217.97508432978532,-462.2302992024338,217.97508432978532
48,-431.7254981518824,250.0025143410685,-431.7254981518824,250.0025143410685
49,-410.33874782242987,209.6746350613683,-410.33874782242987,209.6746350613683
50,-786.8401563851263,400.85940491468574,-786.8401563851263,400.85940491468574
51,-205.38588767579836,49.92045269650952,-205.38588767579836,49.92045269650952
52,-1095.323680767797,420.2867851749012,-1095.323680767797,420.2867851749012
53,-455.5838507011541,352.5569440112718,-455.5838507011541,352.5569440112718
54,-535.0654581808092,264.23991102379347,-535.0654581808092,264.23991102379347
55,-315.7848824509319,271.22805814789893,-315.7848824509319,271.22805814789893
56,-650.4538242518233,453.2079839525378,-650.4538242518233,453.2079839525378
57,-204.78920670042024,140.48290719650944,-204.78920670042024,140.48290719650944
58,-565.4673779768306,390.15072315376705,-565.4673779768306,390.15072315376705
59,-413.26454419974556,306.36693188737104,-413.26454419974556,306.36693188737104
60,-454.60383741715384,266.99512897487097,-454.60383741715384,266.99512897487097
61,-703.4357126985745,404.4275506984297,-703.4357126985745,404.4275506984297
62,-373.94075596134496,133.9700957873161,-373.94075596134496,133.9700957873161
63,-805.18759949932,400.08046256842533,-805.18759949932,400.08046256842533
64,-431.1792575812825,209.46935545572126,-431.1792575812825,209.46935545572126
65,-157.48968294968606,101.15310833459765,-157.48968294968606,101.15310833459765
66,-655.3175914563672,417.6577209974683,-655.3175914563672,417.6577209974683
67,-687.7564251364122,431.29834248722204,-687.7564251364122,431.29834248722204
68,-502.44273140051837,304.0976240350653,-502.44273140051837,304.0976240350653
69,-155.80191729265374,77.01683076172621,-155.80191729265374,77.01683076172621
70,-559.0403731311415,304.3801306238721,-559.0403731311415,304.3801306238721
71,-517.7940635869887,276.05762618428463,-517.7940635869887,276.05762618428463
72,-335.88836341267194,303.9624226530042,-335.88836341267194,303.9624226530042
73,-228.81659653161773,81.16812136047623,-228.81659653161773,81.16812136047623
74,-255.41238926278263,136.89697030845855,-255.41238926278263,136.89697030845855
75,-345.31545173108975,236.4096070800393,-345.31545173108975,236.4096070800393
76,-412.0083058422398,349.2145905678183,-412.0083058422398,349.2145905678183
77,-180.48890811779157,104.76851217549992,-180.48890811779157,104.76851217549992
78,-627.0315161136051,381.46634710020555,-627.0315161136051,381.46634710020555
79,-382.5435714142638,186.58486852237607,-382.5435714142638,186.58486852237607
80,-452.0311906881731,279.5582896227129,-452.0311906881731,279.5582896227129
81,-544.9100458861934,336.29926138357513,-544.9100458861934,336.29926138357513
82,-451.7424347203109,253.4333119115956,-451.7424347203109,253.4333119115956
83,-350.01249050978646,152.4842235773839,-350.01249050978646,152.4842235773839
84,-293.4146058552333,165.83053456479902,-293.4146058552333,165.83053456479902
85,-607.4976706792692,275.64577990752286,-607.4976706792692,275.64577990752286
86,-312.25837887660674,187.35142599118558,-312.25837887660674,187.35142599118558
87,-422.95881244879394,189.79627903371136,-422.95881244879394,189.79627903371136
88,-209.05633830743943,84.13796923529027,-209.05633830743943,84.13796923529027
89,-447.0742945696766,115.67547584566253,-447.0742945696766,115.67547584566253
90,-441.7053024014852,179.78043813717213,-441.7053024014852,179.78043813717213
91,-434.76798008369883,264.2628841479441,-434.76798008369883,264.2628841479441
92,-308.6045456774399,148.0934835234274,-308.6045456774399,148.0934835234274
93,-326.97734151721767,52.78735320265958,-326.97734151721767,52.78735320265958
94,-517.3007230764874,192.14626469861528,-517.3007230764874,192.14626469861528
95,-282.57175719348993,128.82030711236058,-282.57175719348993,128.82030711236058
96,-347.93583302445245,324.52186209588064,-347.93583302445245,324.52186209588064
97,-432.91184208198445,231.88618391468427,-432.91184208198445,231.88618391468427
98,-303.9604487510539,89.29014730681692,-303.9604487510539,89.29014730681692
99,-277.3115671066022,154.57514806637803,-277.3115671066022,154.57514806637803
100,-300.6891800206531,85.63490605220373,-300.6891800206531,85.63490605220373
101,-334.00685247292694,325.26717971092245,-334.00685247292694,325.26717971092245
102,-481.8783986301687,332.30382770352685,-481.8783986301687,332.30382770352685
103,-442.7481364094525,273.6410079517526,-442.7481364094525,273.6410079517526
104,-203.57869435209622,105.58996817055147,-203.57869435209622,105.58996817055147
105,-339.1368851452091,310.74806245647596,-339.1368851452091,310.74806245647596
106,-371.7368108706995,170.60051347587734,-371.7368108706995,170.60051347587734
107,-185.0344960726796,53.65969002754721,-185.0344960726796,53.65969002754721
108,-584.6376138247323,208.3571637570743,-584.6376138247323,208.3571637570743
109,-309.76884389565026,204.33415947151602,-309.76884389565026,204.33415947151602
110,-430.6727649194388,333.17076708312555,-430.6727649194388,333.17076708312555
111,-462.1943218945197,313.874842868201,-462.1943218945197,313.874842868201
112,-408.18526360858135,268.2618965011618,-408.18526360858135,268.2618965011618
113,-408.8395575863563,271.93190958703036,-408.8395575863563,271.93190958703036
114,-373.77272372202907,280.57124775545805,-373.77272372202907,280.57124775545805
115,-464.7008536472449,261.131962334888,-464.7008536472449,261.131962334888
116,-512.8818617798744,266.4065860011142,-512.8818617798744,266.4065860011142
117,-350.93940249909184,145.56585293507285,-350.93940249909184,145.56585293507285
118,-420.71190201366676,312.13013198698985,-420.71190201366676,312.13013198698985
119,-606.7905612339437,286.8657057889163,-606.7905612339437,286.8657057889163
120,-416.7281190040878,251.5094688312893,-416.7281190040878,251.5094688312893
121,-309.15445345695855,148.65308273079958,-309.15445345695855,148.65308273079958
122,-561.8239731552854,239.58213414493588,-561.8239731552854,239.58213414493588
123,-403.3639198217794,278.89350789743986,-403.3639198217794,278.89350789743986
124,-670.0120624842857,361.3811700885174,-670.0120624842857,361.3811700885174
125,-458.3623903826641,235.93811497632265,-458.3623903826641,235.93811497632265
126,-439.26801903114057,276.8153634534842,-439.26801903114057,276.8153634534842
127,-521.5977675710507,312.58078057726607,-521.5977675710507,312.58078057726607
128,-236.34468115850854,124.04407489311473,-236.34468115850854,124.04407489311473
129,-282.552660462784,158.73645132782818,-282.552660462784,158.73645132782818
130,-790.8794622393654,397.54592035764415,-790.8794622393654,397.54592035764415
131,-613.4872083476438,351.4222637084701,-613.4872083476438,351.4222637084701
132,-756.4626086196421,405.32913135909564,-756.4626086196421,405.32913135909564
133,-338.1068748603985,266.49687912320553,-338.1068748603985,266.49687912320553
134,-315.6910347720583,210.154103229805,-315.6910347720583,210.154103229805
135,-362.9153571935019,245.26946012215691,-362.9153571935019,245.26946012215691
136,-186.504924991417,52.15048210914552,-186.504924991417,52.15048210914552
137,-525.5259435916709,375.47204129896596,-525.5259435916709,375.47204129896596
138,-562.2857643110011,431.20477477624235,-562.2857643110011,431.20477477624235
139,-621.6371513774667,360.642234727528,-621.6371513774667,360.642234727528
140,-414.2096763392107,229.48541018231043,-414.2096763392107,229.48541018231043
141,-382.7529106802406,278.29071338153096,-382.7529106802406,278.29071338153096
142,-700.998652440899,568.2107434233872,-700.998652440899,568.2107434233872
143,-210.11714456544323,85.40089034652352,-210.11714456544323,85.40089034652352
144,-585.366561449856,401.5463720449224,-585.366561449856,401.5463720449224
145,-312.1251589136542,164.01986950377804,-312.1251589136542,164.01986950377804
146,-413.8645173681644,335.7025447714029,-413.8645173681644,335.7025447714029
147,-442.34504368672975,197.85668662517122,-442.34504368672975,197.85668662517122
148,-372.8790244034389,171.2360657508967,-372.8790244034389,171.2360657508967
149,-422.37573479122506,168.1430963625426,-422.37573479122506,168.1430963625426
150,-522.6408123271304,461.51324033347873,-522.6408123271304,461.51324033347873
151,-747.8038417634496,283.4763593780354,-747.8038417634496,283.4763593780354
152,-684.1822605331355,279.3162262931068,-684.1822605331355,279.3162262931068
153,-471.9708986194704,284.77809734101004,-471.9708986194704,284.77809734101004
154,-592.0930554815707,224.37795853969797,-592.0930554815707,224.37795853969797
155,-681.7184022341555,375.5736614763267,-681.7184022341555,375.5736614763267
156,-536.261183916015,254.3872397577333,-536.261183916015,254.3872397577333
157,-416.2168174421496,359.13622196068997,-416.2168174421496,359.13622196068997
158,-492.683468787012,409.8247019548935,-492.683468787012,409.8247019548935
159,-597.4259700139987,366.56517356477906,-597.4259700139987,366.56517356477906
160,-286.3012902213604,270.4004844437544,-286.3012902213604,270.4004844437544
161,-519.4550998829621,261.76173264790566,-519.4550998829621,261.76173264790566
162,-338.7954202700818,306.34430553797034,-338.7954202700818,306.34430553797034
163,-460.4648563643163,272.39636574279626,-460.4648563643163,272.39636574279626
164,-371.9706041971525,258.0471502166888,-371.9706041971525,258.0471502166888
165,-458.4389413254631,297.72210013854664,-458.4389413254631,297.72210013854664
166,-340.96585631722877,306.66591120176344,-340.96585631722877,306.66591120176344
167,-414.32222170490854,238.76633435149952,-414.32222170490854,238.76633435149952
168,-557.8685052044672,350.45366376118284,-557.8685052044672,350.45366376118284
169,-350.79763940448214,280.9156354686154,-350.79763940448214,280.9156354686154
170,-480.79905123907685,345.46858316139355,-480.79905123907685,345.46858316139355
171,-370.43948773803965,139.49784443431827,-370.43948773803965,139.49784443431827
172,-302.35993744909126,297.7404138592075,-302.35993744909126,297.7404138592075
173,-234.14391001667676,103.31157434275161,-234.14391001667676,103.31157434275161
174,-459.86275616977997,288.0985162180217,-459.86275616977997,288.0985162180217
175,-550.0967739218288,314.45058826528793,-550.0967739218288,314.45058826528793
176,-405.66361611216973,312.9781832580457,-405.66361611216973,312.9781832580457
177,-321.3601925286898,117.95653826747501,-321.3601925286898,117.95653826747501
178,-557.4965160723916,276.7063506321872,-557.4965160723916,276.7063506321872
179,-525.2967313627169,341.60988128056147,-525.2967313627169,341.60988128056147
180,-482.8357931538498,303.1913637807032,-482.8357931538498,303.1913637807032
181,-305.5868234588104,143.02963387586234,-305.5868234588104,143.02963387586234
182,-385.52283966625123,318.45243079469543,-385.52283966625123,318.45243079469543
183,-697.654662856299,253.62889828808477,-697.654662856299,253.62889828808477
184,-479.2546511163257,219.7544090483926,-479.2546511163257,219.7544090483926
185,-487.68887732777597,238.25144886475945,-487.68887732777597,238.25144886475945
186,-427.5976531586499,265.58802147000137,-427.5976531586499,265.58802147000137
187,-482.0102362378711,233.41684265722606,-482.0102362378711,233.41684265722606
188,-311.2769466490032,203.97530660767933,-311.2769466490032,203.97530660767933
189,-261.59414287907924,72.73966734147368,-261.59414287907924,72.73966734147368
190,-324.9255202906051,181.13790509090902,-324.9255202906051,181.13790509090902
191,-338.200466534637,270.84548728157415,-338.200466534637,270.84548728157415
192,-185.21654281466795,80.43367093121728,-185.21654281466795,80.43367093121728
193,-425.0632201851516,160.06754621081453,-425.0632201851516,160.06754621081453
194,-335.2530881115452,187.75564482736914,-335.2530881115452,187.75564482736914
195,-435.66764038736306,160.78430726486351,-435.66764038736306,160.78430726486351
196,-389.90422486378185,200.7430742325214,-389.90422486378185,200.7430742325214
197,-468.93331145512855,317.0338050416677,-468.93331145512855,317.0338050416677
198,-338.09524447010267,255.83759349112503,-338.09524447010267,255.83759349112503
199,-458.23602150386307,238.72474797437266,-458.23602150386307,238.72474797437266
