,Stepsrewards,Stepsci,Episoderewards,Episodeci
0,-1017.2350621077037,0.0,-1017.2350621077037,0.0
1,-1305.3404358984685,218.03064340718726,-1305.3404358984685,218.03064340718726
2,-1351.660681360736,129.02610597442344,-1351.660681360736,129.02610597442344
3,-1430.4282573422206,204.32158076054404,-1430.4282573422206,204.32158076054404
4,-1423.6274512561479,178.16583856404395,-1423.6274512561479,178.16583856404395
5,-1268.4008907873435,78.18098456782073,-1268.4008907873435,78.18098456782073
6,-1511.6291382891725,127.70048215085123,-1511.6291382891725,127.70048215085123
7,-1234.043628651272,130.82206744585199,-1234.043628651272,130.82206744585199
8,-1171.5560811761202,103.44875698508676,-1171.5560811761202,103.44875698508676
9,-1196.091156996634,94.50299674958032,-1196.091156996634,94.50299674958032
10,-1261.841612574538,175.76723597325312,-1261.841612574538,175.76723597325312
11,-1229.6916341035724,213.85280334818208,-1229.6916341035724,213.85280334818208
12,-1168.279230793901,93.35804455647202,-1168.279230793901,93.35804455647202
13,-1229.975636676397,183.15111785766354,-1229.975636676397,183.15111785766354
14,-1414.42585072433,219.5442433486311,-1414.42585072433,219.5442433486311
15,-1397.9916849250199,215.10998986872016,-1397.9916849250199,215.10998986872016
16,-1202.9557324557913,249.06393237013654,-1202.9557324557913,249.06393237013654
17,-1294.7403127712375,224.61673763277415,-1294.7403127712375,224.61673763277415
18,-1114.3289317267836,112.02615919532921,-1114.3289317267836,112.02615919532921
19,-1215.4685064254281,245.30742678931614,-1215.4685064254281,245.30742678931614
20,-1332.359756363993,181.46805229068417,-1332.359756363993,181.46805229068417
21,-1331.46193307424,137.2708514990963,-1331.46193307424,137.2708514990963
22,-1275.077591443289,153.58274880687264,-1275.077591443289,153.58274880687264
23,-1341.4159322311154,257.87935746672974,-1341.4159322311154,257.87935746672974
24,-1212.8241423084605,164.35618565537078,-1212.8241423084605,164.35618565537078
25,-1255.6877491655775,95.78786571364206,-1255.6877491655775,95.78786571364206
26,-1344.2546853120052,200.01588148609542,-1344.2546853120052,200.01588148609542
27,-1525.7790566960032,189.81875448224764,-1525.7790566960032,189.81875448224764
28,-1329.1035358476356,235.43269472092325,-1329.1035358476356,235.43269472092325
29,-1264.0677419174456,155.08453275956848,-1264.0677419174456,155.08453275956848
30,-1197.710367238286,99.29192929314802,-1197.710367238286,99.29192929314802
31,-1309.298624219641,111.90533566878462,-1309.298624219641,111.90533566878462
32,-1462.1660635610651,43.96380455712617,-1462.1660635610651,43.96380455712617
33,-1552.4751378460014,91.6108023592262,-1552.4751378460014,91.6108023592262
34,-1601.0209380654126,109.15928432564336,-1601.0209380654126,109.15928432564336
35,-1535.4799380062186,105.90981906522872,-1535.4799380062186,105.90981906522872
36,-1431.5002277344834,73.51122579643022,-1431.5002277344834,73.51122579643022
37,-1455.4763276904516,43.88468569838021,-1455.4763276904516,43.88468569838021
38,-1398.744173615607,34.81688807524404,-1398.744173615607,34.81688807524404
39,-1459.0724037348955,42.34174636740113,-1459.0724037348955,42.34174636740113
40,-1415.8312418084572,45.088757413153566,-1415.8312418084572,45.088757413153566
41,-1371.563278835891,52.07368960476486,-1371.563278835891,52.07368960476486
42,-1434.982630187091,63.68200823647944,-1434.982630187091,63.68200823647944
43,-1340.8761469778567,134.2921151312702,-1340.8761469778567,134.2921151312702
44,-1198.3328350055592,135.36321775981395,-1198.3328350055592,135.36321775981395
45,-1297.493327772041,147.71213819146217,-1297.493327772041,147.71213819146217
46,-1049.593107566481,75.23960115038062,-1049.593107566481,75.23960115038062
47,-1108.6649985015747,95.25520809467342,-1108.6649985015747,95.25520809467342
48,-968.9371137757697,62.918168451948695,-968.9371137757697,62.918168451948695
49,-1178.0142680260378,233.77604033734642,-1178.0142680260378,233.77604033734642
50,-1033.6799269215123,203.06399105502035,-1033.6799269215123,203.06399105502035
51,-815.764661050144,25.271967362587038,-815.764661050144,25.271967362587038
52,-1145.4597942559035,249.69044597873784,-1145.4597942559035,249.69044597873784
53,-627.5542659210513,218.7737259302108,-627.5542659210513,218.7737259302108
54,-691.8061559951582,46.28196924739233,-691.8061559951582,46.28196924739233
55,-681.3693755402581,37.908008626615604,-681.3693755402581,37.908008626615604
56,-613.4414739594293,389.12173028505117,-613.4414739594293,389.12173028505117
57,-452.7943257645911,192.88066817506245,-452.7943257645911,192.88066817506245
58,-928.2544315032785,322.98355112135584,-928.2544315032785,322.98355112135584
59,-589.8578323756163,254.82738619868687,-589.8578323756163,254.82738619868687
60,-718.789632153818,55.312362902135966,-718.789632153818,55.312362902135966
61,-489.77751419347436,315.7842791144844,-489.77751419347436,315.7842791144844
62,-697.655919560769,69.05103183054345,-697.655919560769,69.05103183054345
63,-675.8650252966031,225.34770600128448,-675.8650252966031,225.34770600128448
64,-765.5228787938631,118.00338508979132,-765.5228787938631,118.00338508979132
65,-902.8108658930204,56.992878988729416,-902.8108658930204,56.992878988729416
66,-849.7881507872246,315.87189232371685,-849.7881507872246,315.87189232371685
67,-747.3669894969563,327.09211843528703,-747.3669894969563,327.09211843528703
68,-700.0778122030891,317.86964461556664,-700.0778122030891,317.86964461556664
69,-495.66121479712774,317.2862661370495,-495.66121479712774,317.2862661370495
70,-519.7478563246963,328.6318448801121,-519.7478563246963,328.6318448801121
71,-424.9810411705945,304.22851926188025,-424.9810411705945,304.22851926188025
72,-339.0089191666219,152.704822965856,-339.0089191666219,152.704822965856
73,-236.42875541594208,134.04825045975994,-236.42875541594208,134.04825045975994
74,-467.46313828212374,288.8119028966773,-467.46313828212374,288.8119028966773
75,-224.48866144506334,80.9514804578501,-224.48866144506334,80.9514804578501
76,-149.46802761359692,79.37970168513586,-149.46802761359692,79.37970168513586
77,-156.5520849705643,83.82006712718577,-156.5520849705643,83.82006712718577
78,-195.6243417636265,73.50937660606446,-195.6243417636265,73.50937660606446
79,-222.37253364982564,101.60926258530077,-222.37253364982564,101.60926258530077
80,-206.72841130503718,114.6375219301985,-206.72841130503718,114.6375219301985
81,-194.12523052461316,74.88194600372692,-194.12523052461316,74.88194600372692
82,-255.35786411700713,74.04454557060316,-255.35786411700713,74.04454557060316
83,-165.52360957453575,65.65694993710326,-165.52360957453575,65.65694993710326
84,-189.99459586015797,98.42839738096889,-189.99459586015797,98.42839738096889
85,-168.09459065239082,97.91279144160922,-168.09459065239082,97.91279144160922
86,-177.77676096675387,112.75266005670248,-177.77676096675387,112.75266005670248
87,-278.4391326601011,109.88779494428995,-278.4391326601011,109.88779494428995
88,-156.14011911817204,46.775698415714395,-156.14011911817204,46.775698415714395
89,-254.9011388420168,58.731011470345415,-254.9011388420168,58.731011470345415
90,-254.5849489256509,90.86329970075161,-254.5849489256509,90.86329970075161
91,-184.49606248356764,56.561246577502466,-184.49606248356764,56.561246577502466
92,-172.45900422142594,50.83693352816999,-172.45900422142594,50.83693352816999
93,-224.79070882979727,78.96283447725897,-224.79070882979727,78.96283447725897
94,-192.98897062097868,99.27389948671272,-192.98897062097868,99.27389948671272
95,-177.60658218395,60.425721584208006,-177.60658218395,60.425721584208006
96,-224.15009661229865,84.49245129824372,-224.15009661229865,84.49245129824372
97,-150.53249898226647,83.47632148636428,-150.53249898226647,83.47632148636428
98,-152.45541527707607,41.3315808435103,-152.45541527707607,41.3315808435103
99,-300.5739261990391,104.3287595957606,-300.5739261990391,104.3287595957606
100,-229.0245835187255,80.91925698891463,-229.0245835187255,80.91925698891463
101,-349.4829219753589,505.94752188239534,-349.4829219753589,505.94752188239534
102,-254.84709155124688,122.23040724767968,-254.84709155124688,122.23040724767968
103,-385.46864760056405,299.93034885516244,-385.46864760056405,299.93034885516244
104,-179.31262155480155,113.5339283029037,-179.31262155480155,113.5339283029037
105,-330.85513308338744,312.62295933957574,-330.85513308338744,312.62295933957574
106,-452.7839639909718,355.76608059209207,-452.7839639909718,355.76608059209207
107,-396.821500181128,313.8868727536426,-396.821500181128,313.8868727536426
108,-329.84692307070077,223.8941142702956,-329.84692307070077,223.8941142702956
109,-193.88964484891596,122.23698248169842,-193.88964484891596,122.23698248169842
110,-128.75068130882508,124.44872269137235,-128.75068130882508,124.44872269137235
111,-169.04451123764613,109.03095021101436,-169.04451123764613,109.03095021101436
112,-126.15269799793886,3.160772011232187,-126.15269799793886,3.160772011232187
113,-129.62378243984233,76.93821717109675,-129.62378243984233,76.93821717109675
114,-147.69289324946837,101.4194949778708,-147.69289324946837,101.4194949778708
115,-147.54301870838557,36.73210267937475,-147.54301870838557,36.73210267937475
116,-172.68551938113535,114.4762911443603,-172.68551938113535,114.4762911443603
117,-147.5934944718446,45.71670754511974,-147.5934944718446,45.71670754511974
118,-118.11073229199621,64.40587207408491,-118.11073229199621,64.40587207408491
119,-192.90560360253326,76.65818495304622,-192.90560360253326,76.65818495304622
120,-160.91043392511722,58.7930778130294,-160.91043392511722,58.7930778130294
121,-163.6613789636692,69.08557538339333,-163.6613789636692,69.08557538339333
122,-251.44458154906897,288.4752134446953,-251.44458154906897,288.4752134446953
123,-100.14908949730533,42.409073611378645,-100.14908949730533,42.409073611378645
124,-144.33054226436875,75.94293608850275,-144.33054226436875,75.94293608850275
125,-241.39292702523113,134.11040009776082,-241.39292702523113,134.11040009776082
126,-166.17688370263164,98.99958131853087,-166.17688370263164,98.99958131853087
127,-205.51991958766004,90.42262145517026,-205.51991958766004,90.42262145517026
128,-410.68780890050414,389.3294106457016,-410.68780890050414,389.3294106457016
129,-657.1769573046839,493.81072171750924,-657.1769573046839,493.81072171750924
130,-537.451699311607,390.47192986527983,-537.451699311607,390.47192986527983
131,-421.091521993952,424.7955699052838,-421.091521993952,424.7955699052838
132,-338.05671030781,76.23649972265093,-338.05671030781,76.23649972265093
133,-387.50503706180046,377.6142517994181,-387.50503706180046,377.6142517994181
134,-146.2608967956022,40.09561130851126,-146.2608967956022,40.09561130851126
135,-201.43748911522718,137.97421186894258,-201.43748911522718,137.97421186894258
136,-151.4380928295547,49.52087896550461,-151.4380928295547,49.52087896550461
137,-180.74435595351792,90.87560598485723,-180.74435595351792,90.87560598485723
138,-123.68359415276245,3.9190974497912245,-123.68359415276245,3.9190974497912245
139,-75.50026697263176,53.7813366286197,-75.50026697263176,53.7813366286197
140,-151.0475682925855,84.25233455539569,-151.0475682925855,84.25233455539569
141,-99.94455891660891,42.25734725587366,-99.94455891660891,42.25734725587366
142,-187.55818118726168,120.43537694739852,-187.55818118726168,120.43537694739852
143,-147.2855151711045,41.96034012655288,-147.2855151711045,41.96034012655288
144,-146.61706891534217,40.61061703894721,-146.61706891534217,40.61061703894721
145,-129.389721688132,71.8506366576799,-129.389721688132,71.8506366576799
146,-153.07587258637506,51.67851118165134,-153.07587258637506,51.67851118165134
147,-153.497995769904,42.305096526400206,-153.497995769904,42.305096526400206
148,-171.60807107559958,88.32768989783999,-171.60807107559958,88.32768989783999
149,-273.7759463288376,126.7356446207111,-273.7759463288376,126.7356446207111
150,-75.43392805932106,52.270960570645414,-75.43392805932106,52.270960570645414
151,-172.23967321404317,85.03805414676553,-172.23967321404317,85.03805414676553
152,-257.3573532751751,102.15051453260996,-257.3573532751751,102.15051453260996
153,-158.05284352750192,90.91372543603818,-158.05284352750192,90.91372543603818
154,-178.74297552760558,61.42676757735158,-178.74297552760558,61.42676757735158
155,-195.52447127351167,83.11222327912708,-195.52447127351167,83.11222327912708
156,-122.93998245369563,68.54400933275336,-122.93998245369563,68.54400933275336
157,-72.21773457324993,50.36264087719947,-72.21773457324993,50.36264087719947
158,-272.1489659092347,209.38706182168454,-272.1489659092347,209.38706182168454
159,-98.52800945206194,42.844032119420866,-98.52800945206194,42.844032119420866
160,-98.59347102166565,42.77617590860752,-98.59347102166565,42.77617590860752
161,-162.6625950761979,117.05772296238425,-162.6625950761979,117.05772296238425
162,-97.6329580746647,41.121456535752436,-97.6329580746647,41.121456535752436
163,-179.12243352258852,59.18721924540685,-179.12243352258852,59.18721924540685
164,-125.22605690098396,71.23438657443096,-125.22605690098396,71.23438657443096
165,-175.6462517110802,107.7614151684925,-175.6462517110802,107.7614151684925
166,-124.12159807034658,3.7968200232172715,-124.12159807034658,3.7968200232172715
167,-150.03268937147362,84.36443219407147,-150.03268937147362,84.36443219407147
168,-100.62050727984526,80.87966996421989,-100.62050727984526,80.87966996421989
169,-121.93663774689237,4.514170967698926,-121.93663774689237,4.514170967698926
170,-94.60421940870347,74.8747034382449,-94.60421940870347,74.8747034382449
171,-193.50966566488916,79.64521800366877,-193.50966566488916,79.64521800366877
172,-96.67776221724172,42.16667271069786,-96.67776221724172,42.16667271069786
173,-175.88410978354517,58.24349025788707,-175.88410978354517,58.24349025788707
174,-147.29691517271485,77.44698168285167,-147.29691517271485,77.44698168285167
175,-147.07946566977938,104.91732791640646,-147.07946566977938,104.91732791640646
176,-169.0948179525759,84.20609622934803,-169.0948179525759,84.20609622934803
177,-160.96615688608102,70.37087442713177,-160.96615688608102,70.37087442713177
178,-194.43802282295383,107.53702597224546,-194.43802282295383,107.53702597224546
179,-80.92637725862224,93.82836997879983,-80.92637725862224,93.82836997879983
180,-173.17183722078104,48.30834623868135,-173.17183722078104,48.30834623868135
181,-167.94750987138787,81.09874633004624,-167.94750987138787,81.09874633004624
182,-125.6877957981918,69.83818544027848,-125.6877957981918,69.83818544027848
183,-183.57226572656427,114.44128664566398,-183.57226572656427,114.44128664566398
184,-248.1995913115952,65.41186004744296,-248.1995913115952,65.41186004744296
185,-205.69058523425056,60.294152900077975,-205.69058523425056,60.294152900077975
186,-148.68951448351896,46.0637001812102,-148.68951448351896,46.0637001812102
187,-197.95062980815996,88.45150674449079,-197.95062980815996,88.45150674449079
188,-177.34589554908203,112.6974275573412,-177.34589554908203,112.6974275573412
189,-146.3270805704436,42.87473512946696,-146.3270805704436,42.87473512946696
190,-156.61554358683128,88.77024085957032,-156.61554358683128,88.77024085957032
191,-97.44916482174784,75.00476447754848,-97.44916482174784,75.00476447754848
192,-149.65308010923408,37.2996647704067,-149.65308010923408,37.2996647704067
193,-170.06537129309945,50.5695706711485,-170.06537129309945,50.5695706711485
194,-193.19935738891925,130.34713660527146,-193.19935738891925,130.34713660527146
195,-229.91447222652891,86.79296222622064,-229.91447222652891,86.79296222622064
196,-247.88378186870784,96.51436980704513,-247.88378186870784,96.51436980704513
197,-98.3106760053862,77.81682098723877,-98.3106760053862,77.81682098723877
198,-101.75272791357784,42.628866605063465,-101.75272791357784,42.628866605063465
199,-148.22987722769287,78.40307287106783,-148.22987722769287,78.40307287106783
