,Stepsrewards,Stepsci,Episoderewards,Episodeci
0,-499.0,0.0,-499.0,0.0
1,-499.0,0.0,-499.0,0.0
2,-499.0,0.0,-499.0,0.0
3,-499.0,0.0,-499.0,0.0
4,-499.0,0.0,-499.0,0.0
5,-499.0,0.0,-499.0,0.0
6,-499.0,0.0,-499.0,0.0
7,-499.0,0.0,-499.0,0.0
8,-499.0,0.0,-499.0,0.0
9,-499.0,0.0,-499.0,0.0
10,-499.0,0.0,-499.0,0.0
11,-249.0,75.95790281465122,-375.2,89.59305573089915
12,-332.3333333333333,131.50135625268777,-406.0,95.72829416635396
13,-165.66666666666666,43.42496534039854,-183.4,35.57753646333595
14,-165.66666666666666,55.44230447885374,-187.4,47.42260402803709
15,-141.85714285714286,14.971118862663536,-148.2,18.060950672652865
16,-141.85714285714286,42.748267801163585,-162.6,39.51468887388587
17,-165.66666666666666,72.77656317900804,-172.6,86.05377712105378
18,-124.0,35.66244102694037,-144.6,26.18254832517263
19,-110.11111111111111,19.615587765904962,-112.0,25.398454126186497
20,-110.11111111111111,15.086340627381354,-110.2,8.002946657325662
21,-110.11111111111111,5.1576513407303635,-113.8,3.0565947065320906
22,-99.0,15.697140631337925,-102.0,10.176911908825781
23,-124.0,21.81738412367532,-137.6,28.857164600840466
24,-110.11111111111111,7.342983848340002,-109.8,8.192706219558955
25,-99.0,17.288044423820757,-105.2,22.357062848236573
26,-110.11111111111111,24.30822335976229,-132.2,26.629469149797185
27,-124.0,52.79053608365801,-145.0,66.41132529922889
28,-99.0,17.897279346314065,-89.0,6.022018266328988
29,-82.33333333333333,12.533815889055527,-90.2,9.266468755680341
30,-82.33333333333333,15.02725844245371,-90.0,17.11384188310737
31,-110.11111111111111,45.20076744070925,-133.2,72.21189034501174
32,-110.11111111111111,34.720969498389486,-92.0,8.166405329151864
33,-99.0,8.324810147985358,-107.0,10.146668418747112
34,-110.11111111111111,33.0024161396744,-127.2,43.42680668895653
35,-110.11111111111111,24.007853127611853,-94.8,12.827447571516322
36,-89.9090909090909,8.163195555843629,-89.4,8.102176300229463
37,-82.33333333333333,11.124267100286586,-87.4,5.448658990981175
38,-89.9090909090909,16.175247992947693,-108.0,6.901872209770331
39,-99.0,13.784249562453516,-102.4,13.563426587702681
40,-99.0,10.356518333880357,-99.2,11.686597588691074
41,-89.9090909090909,19.007005486154668,-98.2,17.472825621518687
42,-89.9090909090909,10.89812947921592,-87.6,8.67020350395537
43,-89.9090909090909,6.810437033850035,-93.2,11.541055203056606
44,-89.9090909090909,13.077755375059105,-94.6,20.605930330853788
45,-82.33333333333333,15.22654504718894,-80.4,10.380231057158603
46,-82.33333333333333,13.716758876428283,-90.6,5.334657702233574
47,-89.9090909090909,18.820680985483104,-105.8,20.863829447155666
48,-89.9090909090909,13.334988577446591,-78.0,7.839999999999999
49,-82.33333333333333,12.85742183706735,-78.4,9.102506731664635
50,-75.92307692307692,10.732104050508134,-84.4,9.987926151108647
51,-82.33333333333333,17.425964875778096,-92.0,29.42873262646559
52,-89.9090909090909,14.166193130077243,-91.0,7.879102486958777
53,-82.33333333333333,9.133045413142243,-80.8,5.357652023041436
54,-82.33333333333333,4.242476565333909,-80.8,7.300046246428852
55,-99.0,32.63973823424446,-126.2,52.759763335329694
56,-99.0,13.658261089904528,-99.6,13.854857227701771
57,-89.9090909090909,9.456921888241466,-80.2,9.814101853965036
58,-82.33333333333333,15.386890042668961,-98.2,9.266468755680341
59,-82.33333333333333,12.437666209572466,-80.0,4.832900578327677
60,-82.33333333333333,3.5208342866533884,-83.2,6.257282732944069
61,-82.33333333333333,7.996107849494074,-90.4,6.825754522395307
62,-89.9090909090909,10.825053724080364,-95.8,18.3646875061897
63,-89.9090909090909,11.796267641842759,-91.2,10.495063372843441
64,-89.9090909090909,6.626133811375298,-90.0,9.68168580361912
65,-82.33333333333333,14.299520064466293,-92.4,6.502948008403572
66,-82.33333333333333,7.69691183864359,-78.6,5.305774665399954
67,-89.9090909090909,17.400719554713483,-112.8,20.522238942181723
68,-99.0,12.665907626380353,-88.8,10.243133270635504
69,-82.33333333333333,12.164404660349833,-86.8,7.042921212110782
70,-82.33333333333333,6.751550164934689,-82.6,11.715489097771378
71,-82.33333333333333,12.236563000862379,-93.4,9.434097137511358
72,-82.33333333333333,9.10964730788597,-78.8,7.709554799078867
73,-82.33333333333333,10.187950762579332,-91.2,14.889809239879469
74,-82.33333333333333,17.41524513071702,-92.6,17.745091400159087
75,-82.33333333333333,14.920360684747637,-88.6,13.987315854015737
76,-82.33333333333333,15.464714196686119,-91.4,8.289664697682289
77,-82.33333333333333,11.210268440966011,-85.2,9.814101853965036
78,-110.11111111111111,41.67522975053581,-128.4,70.53299038605977
79,-110.11111111111111,44.38655657279099,-101.6,20.968152918175697
80,-99.0,15.633380696445666,-101.0,17.72256234295707
81,-89.9090909090909,13.292063985278219,-89.2,5.664366089863895
82,-141.85714285714286,108.23543227612663,-166.4,146.0741596203791
83,-141.85714285714286,108.15934911046755,-85.2,4.939822183034527
84,-89.9090909090909,8.305851548601622,-86.6,6.088001051248267
85,-82.33333333333333,14.51615906753829,-93.2,4.845602047217661
86,-99.0,34.412375913325135,-114.8,62.66705765551785
87,-110.11111111111111,35.07567106536768,-99.2,12.438203857470738
88,-89.9090909090909,17.713557296493786,-95.0,21.979982165597857
89,-89.9090909090909,14.404001614460872,-93.2,14.931032489416129
90,-82.33333333333333,11.321564804815175,-82.6,9.611596995296878
91,-82.33333333333333,7.5816699030305,-90.0,6.698498936328944
92,-124.0,78.78493003106621,-155.2,116.54127695885263
93,-124.0,67.28629615308007,-85.8,8.487501587628717
94,-82.33333333333333,8.503796973291577,-83.6,11.012339842195209
95,-82.33333333333333,14.128726712571044,-93.4,14.45199324660789
96,-82.33333333333333,15.020155594203214,-85.4,9.434097137511358
97,-82.33333333333333,6.280727723818375,-81.8,6.3062067203668475
98,-82.33333333333333,9.876828475818579,-88.8,9.876533156933156
99,-82.33333333333333,5.913178001216781,-79.8,3.0565947065320906
100,-89.9090909090909,24.475793601571876,-116.0,36.15761762063424
101,-89.9090909090909,23.578584688183067,-77.4,5.615323036121786
102,-82.33333333333333,10.820345376838674,-90.0,23.39553735223878
103,-82.33333333333333,16.47374094553938,-91.0,12.965662960296322
104,-82.33333333333333,13.96921801146549,-88.4,14.850541161856691
105,-82.33333333333333,7.338497171815272,-77.6,5.448658990981175
106,-82.33333333333333,7.173042641776274,-90.0,11.65499789789771
107,-82.33333333333333,8.65307053187651,-82.0,8.817821953294363
108,-82.33333333333333,7.180477132604201,-83.8,10.995582531180418
109,-82.33333333333333,6.203800507812992,-85.8,5.299979169770387
110,-82.33333333333333,3.8743639860364563,-79.2,3.6939630750726242
111,-99.0,39.13428491744802,-130.0,64.76902963608455
112,-99.0,34.79207036093138,-78.8,7.729460731512903
113,-82.33333333333333,5.3891750210405505,-83.0,8.297076111498557
114,-82.33333333333333,7.779651996406086,-86.6,12.588022751806577
115,-75.92307692307692,12.417128200012613,-78.4,6.2129217603314455
116,-82.33333333333333,16.47859846611378,-97.0,31.58946052087626
117,-82.33333333333333,19.30974902497201,-85.2,10.092001743955457
118,-99.0,27.260211004319096,-113.2,50.53121763029266
119,-89.9090909090909,27.253611901598386,-77.4,7.613281867893767
120,-82.33333333333333,10.898956457012382,-78.8,10.74108612757574
121,-70.42857142857143,11.08869694779328,-75.0,4.035887015266903
122,-75.92307692307692,5.3068265137265485,-79.2,10.495063372843441
123,-75.92307692307692,5.340983937622263,-77.2,4.87721100630268
124,-75.92307692307692,4.570379868657802,-79.0,8.128685010504466
125,-89.9090909090909,19.847014464915084,-109.6,33.98257925467106
126,-99.0,24.708441310612855,-106.2,30.47229592925351
127,-89.9090909090909,20.462930233694806,-86.0,17.13179033259513
128,-75.92307692307692,13.663488532925793,-75.0,7.142579926049129
129,-82.33333333333333,9.64727288274122,-85.4,11.96210336019548
130,-110.11111111111111,51.935725941599514,-130.2,88.8455698569152
131,-110.11111111111111,53.07119285038178,-93.0,18.01494845954326
132,-89.9090909090909,10.433772708019596,-88.0,13.66950708694355
133,-99.0,47.814359684094896,-124.0,83.71380043935407
134,-99.0,44.746417957195185,-76.4,4.207385506463604
135,-75.92307692307692,8.283974295710856,-82.6,13.78815073894973
136,-82.33333333333333,10.974573981438827,-88.2,19.998916450648018
137,-99.0,28.71784615879123,-117.0,45.53616163007154
138,-99.0,20.792634849869316,-89.6,10.585451752287192
139,-89.9090909090909,7.460073096730688,-93.2,10.712435540062772
140,-82.33333333333333,9.21447090581299,-78.8,5.929445437812881
141,-82.33333333333333,12.277916339087414,-93.4,14.526231610434964
142,-99.0,22.48624895352713,-109.0,37.22968278135069
143,-99.0,20.27250275619663,-90.2,11.1895230997572
144,-89.9090909090909,11.09159862373556,-94.4,19.15272045428534
145,-89.9090909090909,12.494229399787544,-93.2,11.501042178863617
146,-82.33333333333333,15.138688724466737,-84.8,12.487522860839935
147,-82.33333333333333,10.864634097569695,-91.8,6.910772113157834
148,-82.33333333333333,14.1249498196421,-87.0,18.35296946000837
149,-89.9090909090909,23.85568365557107,-105.6,39.928620472037345
150,-99.0,25.805095310810227,-100.8,29.63893309820716
151,-99.0,22.776515624651633,-103.8,29.78890510240348
152,-99.0,19.287834093023505,-99.8,19.829156391536173
153,-89.9090909090909,11.160085148685935,-83.4,7.613281867893767
154,-82.33333333333333,9.31811537136529,-89.6,15.81271832418449
155,-82.33333333333333,10.820345376838674,-85.4,10.335725073743012
156,-89.9090909090909,16.791600705261207,-107.4,18.967291762399817
157,-89.9090909090909,13.55694240242909,-79.4,4.755979478509132
158,-82.33333333333333,5.384222492788709,-79.2,7.589022809295014
159,-82.33333333333333,15.497455944145825,-100.8,18.11192720833429
160,-89.9090909090909,13.722208687733984,-89.0,10.430441601389655
161,-89.9090909090909,8.263697551346809,-89.6,14.673581594143943
162,-99.0,31.801566250736766,-116.4,56.001422381935974
163,-99.0,30.39453845676884,-83.8,10.000226557433585
164,-82.33333333333333,7.0832201298143636,-87.8,6.42688752040986
165,-82.33333333333333,9.871424903712212,-84.8,17.51674271090376
166,-89.9090909090909,15.874099171066762,-104.0,20.742690278746387
167,-89.9090909090909,15.29969684884038,-87.6,3.5755901331108966
168,-82.33333333333333,14.271508005138797,-89.8,10.967596783252016
169,-82.33333333333333,9.021363943850588,-82.4,10.628912117427634
170,-82.33333333333333,11.224537934892993,-90.8,12.622156519390812
171,-89.9090909090909,11.413250079860008,-94.8,17.992757298424273
172,-89.9090909090909,18.658035019097117,-96.2,28.845447252556166
173,-89.9090909090909,14.17963373725198,-86.0,8.782899748943967
174,-82.33333333333333,7.54640066276387,-75.4,3.660532857385656
175,-82.33333333333333,14.83608613657429,-97.8,19.42200780557973
176,-89.9090909090909,11.410467994993164,-85.4,12.064432883480267
177,-82.33333333333333,14.336784339076361,-79.0,7.661569551991288
178,-82.33333333333333,6.314616788466676,-80.8,5.609847341951473
179,-75.92307692307692,11.172115036659497,-80.6,7.304254979120047
180,-75.92307692307692,11.757025871832258,-84.4,12.624591114170785
181,-82.33333333333333,6.727800256866749,-84.4,7.792818026875771
182,-110.11111111111111,52.47897210342015,-132.8,88.80405064635283
183,-110.11111111111111,52.798823821958074,-85.2,15.762105037081819
184,-82.33333333333333,7.644744503154996,-81.0,8.606163372839259
185,-89.9090909090909,9.277284247303152,-93.6,12.901505524550224
186,-82.33333333333333,14.973904955943512,-87.8,11.037428106221121
187,-89.9090909090909,6.578044852358439,-92.0,8.990398433884895
188,-82.33333333333333,7.425232257247855,-76.6,7.346209689356819
189,-82.33333333333333,9.306656319637675,-89.4,13.631232842263387
190,-89.9090909090909,17.327583218537484,-101.2,26.88216991241592
191,-89.9090909090909,17.654310915874063,-90.0,13.792607875235197
192,-82.33333333333333,9.630666682049625,-77.6,9.385105476232006
193,-82.33333333333333,7.969372390364018,-81.8,8.824789810528065
194,-75.92307692307692,10.310811150520715,-82.6,9.691204094435324
195,-82.33333333333333,7.060585958266784,-85.2,6.232676728340722
196,-82.33333333333333,17.230440977998686,-96.0,25.723086595507933
197,-89.9090909090909,13.418059978393734,-87.6,11.054121982319534
198,-82.33333333333333,16.9871901628736,-76.2,6.798685990689671
199,-82.33333333333333,16.355096611918416,-100.0,23.68277010824536
