,Stepsrewards,Stepsci,Episoderewards,Episodeci
0,-499.0,0.0,-499.0,0.0
1,-499.0,0.0,-499.0,0.0
2,-499.0,0.0,-499.0,0.0
3,-499.0,0.0,-499.0,0.0
4,-499.0,0.0,-499.0,0.0
5,-499.0,0.0,-499.0,0.0
6,-499.0,0.0,-499.0,0.0
7,-499.0,0.0,-499.0,0.0
8,-499.0,0.0,-499.0,0.0
9,-499.0,0.0,-499.0,0.0
10,-499.0,0.0,-499.0,0.0
11,-332.3333333333333,145.63423813965767,-372.4,108.18006890735464
12,-141.85714285714286,48.462538109347925,-164.2,36.644767200788706
13,-165.66666666666666,29.920479298993218,-173.0,32.268053303538466
14,-141.85714285714286,22.55496397691648,-142.6,19.320470718903305
15,-124.0,20.626613876252204,-111.6,17.762401999729654
16,-99.0,7.4479999999999995,-94.0,9.601999791710059
17,-110.11111111111111,27.998540428350363,-125.4,45.773784776878564
18,-110.11111111111111,28.532121200360198,-94.4,17.50972337874017
19,-99.0,20.011206460381143,-116.8,18.597497982255568
20,-110.11111111111111,15.596430248243992,-106.8,13.401585100278249
21,-99.0,11.91254397683383,-99.2,10.953577096090573
22,-89.9090909090909,10.403299366835649,-88.8,8.911428347913706
23,-89.9090909090909,7.982285119721791,-94.2,13.228475467717358
24,-89.9090909090909,7.595038595670334,-87.8,8.267390591958263
25,-82.33333333333333,7.996107849494074,-84.0,12.641620149332123
26,-89.9090909090909,11.529491456833345,-100.8,16.43971542332774
27,-89.9090909090909,12.911617026729402,-88.6,9.563514667735916
28,-110.11111111111111,42.19996658408886,-128.4,70.83300076094476
29,-141.85714285714286,63.58827564889615,-126.2,61.215792367656235
30,-99.0,38.00682086152431,-85.2,2.90185926605685
31,-82.33333333333333,15.733219867764113,-94.0,18.93810381215606
32,-89.9090909090909,20.044392625682924,-103.0,17.53077294359835
33,-89.9090909090909,12.97294462569919,-84.6,11.012339842195209
34,-82.33333333333333,13.493218324059713,-91.4,8.454850252961313
35,-110.11111111111111,42.93420754164541,-125.8,74.01308805339768
36,-99.0,16.75771344784246,-107.2,28.69589941437626
37,-89.9090909090909,16.68157660554246,-79.2,6.257282732944069
38,-75.92307692307692,11.849466992309006,-74.8,6.866157236766429
39,-82.33333333333333,10.193186540618779,-91.2,21.061748151566146
40,-82.33333333333333,15.30169804181755,-85.4,14.798713890064905
41,-82.33333333333333,7.847935798431094,-82.4,10.439277216359377
42,-82.33333333333333,6.676052282155531,-86.4,10.049277625779874
43,-89.9090909090909,6.154135587021219,-94.8,6.866157236766429
44,-89.9090909090909,11.499160861815977,-94.6,14.313100460766702
45,-89.9090909090909,8.27521539188671,-85.2,9.624378379926673
46,-89.9090909090909,22.711653899264356,-109.4,35.43471852294018
47,-99.0,19.558796691003256,-88.6,10.409796001843649
48,-89.9090909090909,8.20199590889661,-96.2,9.495790393642858
49,-99.0,9.533743021500001,-108.8,10.6260202898357
50,-99.0,7.932553687180439,-92.2,4.236502708602934
51,-89.9090909090909,9.338680762139802,-93.6,15.88059686535742
52,-89.9090909090909,8.408424525751492,-89.2,6.707668685914652
53,-99.0,11.52239975005207,-109.8,17.85558924258732
54,-99.0,18.027738626904927,-98.2,17.958563506026866
55,-89.9090909090909,15.24148264073754,-95.2,4.343954327568373
56,-89.9090909090909,10.153095022821821,-92.6,14.430712137659732
57,-110.11111111111111,35.63638318991857,-124.6,59.23896944410833
58,-110.11111111111111,17.680134194352586,-106.6,9.06868087430581
59,-99.0,8.68171595941724,-92.8,11.460889459374433
60,-89.9090909090909,8.347792682780323,-84.8,12.670759535244917
61,-82.33333333333333,9.138885579195618,-88.2,8.505587057928453
62,-82.33333333333333,11.006129941823161,-88.6,6.712248863086052
63,-89.9090909090909,10.653587749245746,-98.2,16.213832711607704
64,-89.9090909090909,14.780403701650764,-94.2,10.925483751303647
65,-89.9090909090909,9.052108271683675,-91.2,11.920925601646879
66,-89.9090909090909,9.174043676886681,-95.2,8.719687333844028
67,-89.9090909090909,16.147745426037105,-98.8,18.196570753853596
68,-89.9090909090909,16.171321918508582,-94.6,12.178525887807604
69,-82.33333333333333,12.284433088111813,-82.4,5.218166421263315
70,-82.33333333333333,8.531984702457159,-90.2,7.342025006767546
71,-89.9090909090909,17.00578053487403,-104.2,19.287037387841607
72,-89.9090909090909,16.919683379126436,-89.6,10.276083923363023
73,-110.11111111111111,34.5607836623034,-137.6,42.35269300528598
74,-110.11111111111111,27.045587932448374,-87.4,9.499026307995994
75,-89.9090909090909,8.643028798222998,-97.2,11.739074716518333
76,-99.0,18.100045524804624,-107.2,27.29063347011205
77,-99.0,9.4893152545376,-97.0,7.16406141793885
78,-89.9090909090909,10.121776688696391,-91.2,11.6074370642274
79,-89.9090909090909,10.11863952392695,-90.4,18.632168655312242
80,-89.9090909090909,9.995522122900404,-92.8,9.266468755680341
81,-89.9090909090909,5.687626967894463,-87.4,7.673593994993479
82,-99.0,35.892090270698915,-126.2,55.06281550374989
83,-110.11111111111111,16.0164990377614,-110.0,21.34871012497008
84,-99.0,16.498962876496208,-93.2,16.080602575774325
85,-82.33333333333333,12.98748229243437,-82.4,9.864078507392364
86,-82.33333333333333,9.047939401179,-85.8,12.51210946243678
87,-82.33333333333333,6.293457508191139,-79.8,3.3902901350769374
88,-82.33333333333333,11.042428611027088,-94.2,18.473142970269027
89,-89.9090909090909,16.59188399716883,-99.0,15.019279343563724
90,-99.0,11.502378188879028,-107.6,15.498631062129325
91,-99.0,23.04146523118701,-107.6,27.666425804574033
92,-99.0,15.944813827699587,-90.4,11.741692416342714
93,-89.9090909090909,16.11034541689098,-103.2,15.898004503710519
94,-99.0,9.292963359445682,-96.2,11.21695516617589
95,-110.11111111111111,34.305972045255054,-123.4,57.13418490536117
96,-110.11111111111111,33.648526457850075,-95.4,11.596841501029493
97,-99.0,19.73282990348825,-109.8,34.18455773006285
98,-99.0,11.094361811298565,-97.4,12.291559901005241
99,-89.9090909090909,7.066676287269769,-84.4,3.0161082208700667
100,-99.0,25.80956101912622,-124.2,37.10316756289144
101,-110.11111111111111,27.547717244396654,-132.8,30.713393873032
102,-99.0,28.515137313363926,-88.6,8.473005417205869
103,-89.9090909090909,6.948883234870966,-93.8,11.106820391093034
104,-89.9090909090909,7.99023596484198,-91.8,6.545343627343028
105,-82.33333333333333,12.314798986344604,-83.6,7.733435769436506
106,-82.33333333333333,11.471381136776216,-88.0,11.668174835851577
107,-89.9090909090909,10.982288206240474,-97.8,16.109244650200083
108,-89.9090909090909,19.085351477554408,-98.8,17.69132090037372
109,-110.11111111111111,33.40379522230629,-117.4,57.88500887794698
110,-99.0,34.68480151305467,-95.0,4.035887015266903
111,-89.9090909090909,11.028445700800594,-95.0,11.588888471290074
112,-99.0,27.121754515517612,-107.4,49.9814603708215
113,-89.9090909090909,28.006253546592102,-88.8,5.582388306092653
114,-89.9090909090909,8.029872102372853,-96.4,11.676073860677654
115,-89.9090909090909,17.255976845416683,-99.0,16.621909396937525
116,-141.85714285714286,108.45757880388072,-166.4,146.38835739497864
117,-141.85714285714286,89.13981826322059,-90.6,6.335379767622459
118,-110.11111111111111,37.11363297412048,-126.6,62.8756269217254
119,-110.11111111111111,14.561647052562492,-112.0,19.37130578974995
120,-99.0,13.649820511640435,-91.0,11.877017807513804
121,-89.9090909090909,15.999605254334103,-99.4,24.446472727164547
122,-89.9090909090909,14.139273586387448,-87.2,10.883207762420048
123,-82.33333333333333,9.446071885925603,-84.8,9.608398992548134
124,-82.33333333333333,6.591601277945096,-85.4,8.363483293460925
125,-82.33333333333333,12.681933197648915,-93.0,12.592904668899862
126,-89.9090909090909,8.374373129930907,-91.4,9.547433414274225
127,-89.9090909090909,21.217040002703808,-105.4,28.172775738290323
128,-89.9090909090909,19.814995149061364,-89.4,7.733435769436506
129,-99.0,28.046497392722674,-124.6,33.69649876174081
130,-110.11111111111111,27.11739024633991,-102.4,15.909599014431507
131,-99.0,9.649890362071478,-97.2,7.983722640472926
132,-141.85714285714286,108.66412103357759,-168.2,145.15374134757946
133,-99.0,29.095274117973176,-118.8,51.09972230061529
134,-110.11111111111111,33.114318777430384,-102.4,20.388522575213734
135,-99.0,12.021688400553392,-101.0,5.4879999999999995
136,-99.0,11.938314788947391,-99.6,22.86136471866892
137,-89.9090909090909,14.507227370537274,-89.8,8.433012462933991
138,-89.9090909090909,6.327108385820521,-89.0,10.863422665071997
139,-89.9090909090909,11.037078741111284,-95.6,18.926740786516838
140,-89.9090909090909,19.130213644380433,-100.6,16.41352262008372
141,-99.0,15.438033035331928,-99.4,27.766220859166264
142,-89.9090909090909,16.765109273597727,-90.8,10.273092776763967
143,-89.9090909090909,9.013445036999519,-89.6,16.902429079868966
144,-82.33333333333333,15.876694543563834,-92.0,5.9707661149973035
145,-89.9090909090909,6.6833838386093625,-92.0,10.326800859898482
146,-89.9090909090909,20.504778633453032,-105.2,24.17975986646683
147,-99.0,14.030095651847851,-94.6,12.745727943118823
148,-82.33333333333333,15.585001574400756,-82.8,7.507593169585043
149,-82.33333333333333,8.348661014841886,-89.4,10.672195500458187
150,-82.33333333333333,9.619579955409618,-86.2,8.39648993329951
151,-99.0,42.01172103115985,-128.0,69.53996031060126
152,-110.11111111111111,42.88999888539954,-94.8,15.595492271807258
153,-89.9090909090909,9.530494061424413,-83.2,11.43404264466422
154,-82.33333333333333,12.605975949113565,-92.2,16.495702810126037
155,-89.9090909090909,16.725293450991767,-102.2,12.036378990377461
156,-89.9090909090909,10.56681143163374,-85.2,6.450752762275112
157,-89.9090909090909,10.18431704873041,-103.4,2.6931284410514102
158,-141.85714285714286,109.4906900151789,-171.6,143.90468961364667
159,-124.0,56.0005906218854,-95.8,18.171219089538265
160,-141.85714285714286,109.38036386847503,-172.8,143.73245430034234
161,-141.85714285714286,110.76074394838632,-96.4,16.3196337213799
162,-89.9090909090909,19.802172926020926,-101.0,17.809056572429657
163,-99.0,11.118574009287341,-104.4,17.796972686386862
164,-99.0,22.44007415317516,-111.8,13.885877257127113
165,-110.11111111111111,22.192922115933623,-114.4,37.76488205727644
166,-141.85714285714286,108.1412261813227,-167.2,145.46570175543098
167,-124.0,99.27912721211845,-76.2,6.955100804445611
168,-89.9090909090909,13.282506348806523,-109.6,15.025416759611026
169,-99.0,9.858624650528084,-92.2,6.183170966421678
170,-89.9090909090909,14.037865547189204,-101.0,11.36123936901252
171,-89.9090909090909,8.53583731731917,-83.4,3.982226111109212
172,-82.33333333333333,9.18547323323728,-85.2,6.776046280833683
173,-82.33333333333333,9.417787347276352,-90.8,2.8484134531349197
174,-89.9090909090909,14.540017496219983,-103.2,10.302965165426894
175,-89.9090909090909,16.658722273891463,-92.8,9.430838944653862
176,-89.9090909090909,7.930410327589416,-91.4,11.557021623238402
177,-89.9090909090909,9.500465218550909,-94.2,12.609976494823453
178,-82.33333333333333,10.132811755582658,-79.0,5.200467671277266
179,-89.9090909090909,11.454900269986721,-97.6,20.76934232950095
180,-89.9090909090909,14.337724257690155,-93.2,6.821250559831386
181,-89.9090909090909,6.416794830584908,-90.4,9.45037125196677
182,-89.9090909090909,11.87940879919882,-99.2,12.634324801903741
183,-99.0,22.9830372231348,-115.8,20.42466712580648
184,-99.0,15.544665966176307,-95.6,10.36541696218729
185,-141.85714285714286,109.30938111616953,-171.0,143.76302723579522
186,-99.0,23.308347689186377,-85.0,9.932385816106823
187,-89.9090909090909,10.962033187338037,-102.0,12.40851836441402
188,-99.0,15.821461879358681,-101.2,26.773341726426306
189,-99.0,26.959798218829455,-108.8,36.5860133274999
190,-89.9090909090909,22.873236221327847,-86.0,6.744223009361419
191,-89.9090909090909,11.474285286673412,-103.2,10.302965165426894
192,-99.0,16.39619370463767,-107.6,8.527238990435297
193,-99.0,11.320590797303822,-93.6,17.50972337874017
194,-99.0,14.911465655662422,-109.2,24.312850001593805
195,-89.9090909090909,18.006865440860583,-83.6,3.784373765895753
196,-82.33333333333333,15.31738107389651,-94.4,23.406043937410693
197,-99.0,23.469312047863692,-117.0,13.624467402434487
198,-99.0,17.113841883107366,-101.0,15.5619556611629
199,-99.0,16.164950726803962,-109.8,14.786248313889496
