,Stepsrewards,Stepsci,Episoderewards,Episodeci
0,-499.0,0.0,-499.0,0.0
1,-499.0,0.0,-499.0,0.0
2,-499.0,0.0,-499.0,0.0
3,-499.0,0.0,-499.0,0.0
4,-499.0,0.0,-499.0,0.0
5,-499.0,0.0,-499.0,0.0
6,-499.0,0.0,-499.0,0.0
7,-499.0,0.0,-499.0,0.0
8,-499.0,0.0,-499.0,0.0
9,-499.0,0.0,-499.0,0.0
10,-499.0,0.0,-499.0,0.0
11,-499.0,0.0,-499.0,0.0
12,-332.3333333333333,178.8614603126822,-423.2,132.88325891247547
13,-199.0,65.9795507714322,-218.6,34.15847603157963
14,-199.0,39.9109135951559,-209.8,37.0202442347427
15,-199.0,71.20170424926638,-220.0,40.210105794439286
16,-165.66666666666666,59.09266671304705,-171.0,69.98050928651492
17,-249.0,149.28202035074418,-299.6,111.58113193905142
18,-249.0,103.14470902571783,-318.2,96.03343977594471
19,-249.0,78.714805468857,-277.0,47.180257566062515
20,-199.0,74.4139496599932,-215.8,47.960042568788445
21,-499.0,0.0,-363.4,122.85132404984489
22,-499.0,0.0,-496.0,5.259231883079505
23,-332.3333333333333,216.07331211282758,-421.6,109.08818398341775
24,-332.3333333333333,169.94036008313384,-471.8,47.683702406587514
25,-249.0,86.43744443237549,-299.8,90.24074992596192
26,-199.0,44.12046636199576,-213.6,22.69947410844577
27,-199.0,62.23794752399857,-214.8,46.78253540799172
28,-199.0,38.77829165912289,-208.0,42.683022198527595
29,-332.3333333333333,133.62011070637976,-320.2,83.76224592977435
30,-165.66666666666666,54.43420792656574,-170.2,64.59179925656198
31,-165.66666666666666,36.06869454147081,-174.4,39.00981062245752
32,-199.0,44.36705804986398,-199.0,44.36705804986398
33,-199.0,72.9436060528954,-226.4,55.12473431047083
34,-199.0,24.505487385481644,-209.4,36.50275711230591
35,-165.66666666666666,48.47158037142697,-181.2,47.6546904637938
36,-165.66666666666666,42.23148553354915,-173.6,47.72944094371942
37,-165.66666666666666,59.08905494941356,-187.0,54.12723735791435
38,-141.85714285714286,7.943601198448975,-141.8,10.611549330799908
39,-141.85714285714286,46.18799844115352,-167.4,37.322846793887514
40,-141.85714285714286,43.61071427986476,-160.0,18.04051972643804
41,-141.85714285714286,42.359527853837086,-167.6,8.634684290696446
42,-141.85714285714286,50.64274874056501,-160.0,42.292422016243044
43,-141.85714285714286,47.35466186132047,-167.4,46.8717925921337
44,-141.85714285714286,20.83105374194978,-146.6,25.323321361938284
45,-165.66666666666666,18.523277047882015,-168.2,21.55215857402687
46,-199.0,80.24614373289224,-220.2,83.89789100567428
47,-141.85714285714286,24.301769482899797,-149.4,22.645253383435566
48,-141.85714285714286,41.806219632968485,-159.6,31.042836159088303
49,-165.66666666666666,35.282016403282306,-170.4,41.1005971343483
50,-141.85714285714286,41.13128249884752,-152.4,46.231410413267724
51,-141.85714285714286,51.4902087779803,-168.8,46.43636698967738
52,-124.0,29.90606125854757,-143.0,23.585242843778392
53,-124.0,20.119855864294852,-129.2,19.255142149566176
54,-141.85714285714286,31.145336729597258,-158.6,28.508939454143146
55,-124.0,33.617714080526056,-140.0,15.29302481525483
56,-141.85714285714286,21.76242633531473,-146.2,25.230917922263547
57,-141.85714285714286,34.202268930584125,-152.4,22.570487207856193
58,-141.85714285714286,48.03518710278956,-160.0,32.62325648981107
59,-141.85714285714286,22.906767558955146,-144.6,20.32813884250105
60,-141.85714285714286,25.87366228426119,-155.4,27.6941827248973
61,-199.0,83.52268118301758,-223.8,56.79916326144251
62,-165.66666666666666,62.22235444430396,-131.6,15.004948943598576
63,-141.85714285714286,29.704895219475187,-155.4,26.826092611485556
64,-199.0,54.04768857222295,-221.2,88.58402087961461
65,-165.66666666666666,20.84873919271681,-171.4,21.780530314939533
66,-141.85714285714286,17.864915337051,-145.8,23.22678564072093
67,-199.0,141.32347553042982,-223.2,122.03533568274396
68,-141.85714285714286,25.09846210428041,-139.6,25.80420207640608
69,-141.85714285714286,35.50688947232635,-156.0,37.122213727093374
70,-141.85714285714286,22.627841258060833,-147.6,19.636030882029086
71,-165.66666666666666,28.63757076393281,-174.8,28.220733144268237
72,-165.66666666666666,61.854256418107866,-194.0,42.527935289642265
73,-141.85714285714286,32.197391198667006,-158.2,18.704603583075475
74,-165.66666666666666,19.793232663192217,-165.4,23.744977338376213
75,-165.66666666666666,30.179710132864162,-175.8,28.9517941965606
76,-165.66666666666666,35.81633477949743,-174.8,38.24522039680252
77,-165.66666666666666,70.21687145577648,-190.0,66.10751969329965
78,-165.66666666666666,23.25842197124716,-175.6,18.00300277176005
79,-199.0,87.27437855407508,-252.6,68.92425765142487
80,-165.66666666666666,33.80224011862287,-167.8,40.30324318463714
81,-165.66666666666666,22.897756642502326,-172.0,23.87662957789478
82,-165.66666666666666,23.856360282447234,-164.6,28.535876871054793
83,-165.66666666666666,33.93457190492272,-182.4,19.168759918158504
84,-199.0,67.33277549603906,-207.0,60.0975761241666
85,-165.66666666666666,42.55870368396175,-187.0,22.58682093611228
86,-165.66666666666666,17.528743801518104,-172.4,15.278951168192142
87,-199.0,62.435153175114415,-199.8,63.66929598479946
88,-141.85714285714286,37.092187856744175,-143.2,23.430978195542753
89,-165.66666666666666,30.72635302749694,-177.0,27.701949678677853
90,-141.85714285714286,14.11949007577823,-146.4,10.14060889690555
91,-141.85714285714286,19.437036811201445,-152.0,16.71410039457703
92,-124.0,23.009139488472833,-131.2,28.383615329975143
93,-124.0,14.830091031413122,-136.2,15.07442613169735
94,-124.0,24.492648897169122,-140.8,17.099469559024335
95,-165.66666666666666,84.0246951353743,-187.0,89.82532667349447
96,-141.85714285714286,25.309982220459975,-130.8,10.568017562438094
97,-124.0,12.352471412636419,-129.0,4.958451371144019
98,-124.0,13.984328728973727,-129.4,17.75374880975846
99,-124.0,15.858901286028612,-131.2,14.21398702686899
100,-124.0,13.72874721159946,-118.2,11.673441446291664
101,-110.11111111111111,16.867432113928007,-118.0,8.817821953294363
102,-124.0,21.87508399983872,-139.4,18.910496048491165
103,-124.0,4.368975852531117,-121.4,5.007790410949723
104,-110.11111111111111,13.302085028970827,-113.4,8.932096551202298
105,-110.11111111111111,12.726291030851073,-119.6,12.79386152809229
106,-124.0,7.9161922664877205,-126.8,11.580929979928209
107,-124.0,8.444507090410902,-124.8,12.634324801903741
108,-110.11111111111111,9.06041638835189,-102.0,9.456873056142816
109,-110.11111111111111,16.391143782940578,-118.8,25.874375648505993
110,-99.0,25.47095223975735,-97.2,17.15330368179844
111,-99.0,19.019070850070463,-115.8,6.776046280833683
112,-99.0,19.691904529526845,-102.0,20.353823817651563
113,-99.0,22.942886304909415,-114.2,9.719703040731233
114,-110.11111111111111,6.116760576083578,-110.2,8.136243064215817
115,-110.11111111111111,9.838372064696573,-109.6,15.567879136221476
116,-110.11111111111111,14.17545799358336,-114.2,16.36476761827066
117,-110.11111111111111,15.641977218470657,-115.2,10.107216590139938
118,-110.11111111111111,12.940634992889814,-115.0,11.334156519123951
119,-110.11111111111111,14.272154169447873,-117.8,11.326019035830727
120,-110.11111111111111,21.37873420000616,-118.0,18.15091226357507
121,-110.11111111111111,22.22922210741271,-118.8,22.58954207592531
122,-124.0,35.19482774499684,-132.6,44.48673272785943
123,-124.0,22.84156956078106,-140.2,23.38502604659657
124,-124.0,20.021162553658066,-106.4,15.33917588399064
125,-99.0,14.26632286190103,-106.2,10.213085880379152
126,-110.11111111111111,16.912360428212626,-120.4,27.150634261468
127,-124.0,21.962716134394668,-139.2,21.83549081655826
128,-124.0,19.810185511498876,-122.0,11.087434329005065
129,-124.0,24.683066057522108,-132.4,36.34243817907653
130,-110.11111111111111,25.798063367729316,-130.0,13.747971486732142
131,-141.85714285714286,36.59639326491068,-153.2,46.08092971284324
132,-141.85714285714286,35.220902884508796,-126.0,16.45466401966324
133,-124.0,20.206188408504953,-126.8,20.34929353073467
134,-110.11111111111111,9.886460847708772,-104.4,9.941664086057223
135,-110.11111111111111,23.89300025488005,-131.4,12.203735034816185
136,-124.0,17.585471276027832,-131.2,14.27870425493854
137,-124.0,32.27683224853393,-140.6,12.721592856242491
138,-124.0,26.350886133107554,-127.6,24.174675278067333
139,-124.0,10.406012684981697,-132.0,7.228122854517623
140,-124.0,8.758535836542544,-126.0,13.488446018722838
141,-110.11111111111111,19.291336364040784,-115.4,17.84870316857782
142,-110.11111111111111,27.64567636491329,-127.2,18.018360058562486
143,-124.0,20.574165839712677,-130.2,11.541055203056606
144,-124.0,15.078948902360535,-130.8,20.91532154187451
145,-124.0,12.782333511530668,-117.8,12.425843520662891
146,-110.11111111111111,10.541184342972935,-103.8,10.925483751303647
147,-99.0,20.729722043481427,-110.2,11.541055203056608
148,-110.11111111111111,20.573821660617845,-121.2,18.630519133937195
149,-124.0,26.289310565322932,-134.4,22.220557256738633
150,-110.11111111111111,20.28128431037994,-107.6,9.36871799127287
151,-110.11111111111111,23.289894050497562,-125.0,20.27818690120002
152,-110.11111111111111,8.864622679718087,-109.8,13.48160892475375
153,-110.11111111111111,10.239930769656235,-117.2,9.703880625811511
154,-124.0,17.344892620019298,-132.6,22.773816825468675
155,-124.0,34.159713113549415,-130.6,27.17326356549761
156,-124.0,31.212269222214516,-146.0,35.27128781317745
157,-124.0,32.61538057420149,-131.4,14.777932088083231
158,-124.0,23.056049097796436,-139.2,21.989767511276693
159,-141.85714285714286,26.927874034167637,-155.6,29.85177161911835
160,-141.85714285714286,32.41821710088326,-139.8,19.118993781054485
161,-124.0,23.66755796443731,-132.0,27.29964102328087
162,-141.85714285714286,25.636224370995038,-157.2,18.179673572426978
163,-124.0,35.622022682604644,-136.2,15.377196207371485
164,-124.0,15.401908972591675,-115.4,15.538239179520952
165,-110.11111111111111,16.940380115677716,-118.0,12.702251768879405
166,-141.85714285714286,58.805904465453125,-163.6,70.72879366142193
167,-141.85714285714286,50.27606985435516,-126.4,11.858890875625763
168,-141.85714285714286,17.36193537598847,-149.8,20.522238942181723
169,-124.0,12.945647917350447,-125.4,13.219179278608788
170,-141.85714285714286,50.74173036071986,-173.2,34.13957684564939
171,-141.85714285714286,21.096577921549265,-133.8,16.64408180705682
172,-141.85714285714286,62.68552624011382,-156.6,84.14332732189759
173,-124.0,37.74431546604071,-153.2,25.36455075888394
174,-124.0,29.966214308784483,-118.2,17.889979854656065
175,-124.0,12.824527281736351,-125.2,17.027425971062094
176,-110.11111111111111,16.213681905501435,-106.4,10.984396788171848
177,-110.11111111111111,15.170983494554463,-122.0,13.281802287340373
178,-124.0,21.610055529775945,-137.8,25.18824970497156
179,-110.11111111111111,16.88429424180637,-101.8,16.251697855916472
180,-110.11111111111111,28.88564980891726,-129.8,21.13458102731161
181,-124.0,14.436301465403112,-121.8,16.43971542332774
182,-110.11111111111111,24.426948980344235,-122.2,10.092001743955457
183,-110.11111111111111,25.395997438003025,-120.0,6.320810074666062
184,-141.85714285714286,46.865390214955,-162.0,51.81225800908506
185,-141.85714285714286,19.39665950621395,-130.0,18.210077210160314
186,-124.0,12.824527281736351,-119.4,8.3450898617091
187,-110.11111111111111,16.307017483414604,-113.0,11.252516874015342
188,-110.11111111111111,25.410933088711193,-124.8,14.428582300420233
189,-110.11111111111111,16.07561282957402,-111.4,11.92350337778289
190,-110.11111111111111,5.975565426581198,-107.4,3.3538343429573256
191,-110.11111111111111,22.509088961374164,-127.6,22.46813238344478
192,-124.0,14.490253620968819,-114.8,16.090155598999033
193,-124.0,31.141032417053868,-143.0,41.240188554370114
194,-124.0,51.13168195942706,-129.6,57.485433396644055
195,-124.0,21.36984323760939,-115.0,16.987671765136035
196,-124.0,34.63090382880585,-145.2,35.22507724902814
197,-141.85714285714286,16.179196518986966,-147.2,20.21291278366381
198,-124.0,25.541176558647408,-126.8,23.027456029705057
199,-124.0,25.963065111808348,-142.0,7.0777442734249725
