,Stepsrewards,Stepsci,Episoderewards,Episodeci
0,-499.0,0.0,-499.0,0.0
1,-499.0,0.0,-499.0,0.0
2,-499.0,0.0,-499.0,0.0
3,-499.0,0.0,-499.0,0.0
4,-499.0,0.0,-499.0,0.0
5,-499.0,0.0,-499.0,0.0
6,-499.0,0.0,-499.0,0.0
7,-499.0,0.0,-499.0,0.0
8,-499.0,0.0,-499.0,0.0
9,-499.0,0.0,-499.0,0.0
10,-499.0,0.0,-499.0,0.0
11,-499.0,0.0,-499.0,0.0
12,-332.3333333333333,136.40227346861712,-442.8,98.52294394302272
13,-499.0,0.0,-483.2,26.403462560808194
14,-249.0,106.32209648045884,-314.8,46.808805188767636
15,-199.0,60.1614648757824,-206.4,56.93751084127229
16,-249.0,166.77717050004173,-300.4,91.4790604936452
17,-249.0,71.29457903655789,-240.6,58.292390282094274
18,-249.0,69.23753750676002,-315.4,46.48994399652466
19,-249.0,125.97670340185917,-297.6,57.25240184306681
20,-332.3333333333333,133.36110821819526,-390.0,85.71095911258956
21,-199.0,94.91420159280696,-292.6,108.49070071116694
22,-332.3333333333333,191.67141729378275,-325.4,103.04844226285033
23,-499.0,0.0,-437.2,101.05452842500429
24,-499.0,0.0,-458.0,71.87616906875324
25,-332.3333333333333,175.81668163385618,-473.8,44.17754781786785
26,-332.3333333333333,215.34709746171455,-401.8,120.59515421110417
27,-332.3333333333333,121.33838280091236,-418.4,74.34701390641051
28,-499.0,0.0,-441.0,69.32971888014546
29,-499.0,0.0,-464.2,37.76813708935086
30,-332.3333333333333,143.7254139232426,-460.6,67.31816810341766
31,-332.3333333333333,216.07331211282758,-410.6,87.72676242059772
32,-332.3333333333333,189.6903201029002,-478.2,36.46400772268457
33,-499.0,0.0,-427.6,90.41461092544722
34,-499.0,0.0,-427.8,76.59844501815948
35,-332.3333333333333,216.80103184119628,-427.0,100.19415711507331
36,-499.0,0.0,-499.0,0.0
37,-499.0,0.0,-499.0,0.0
38,-332.3333333333333,213.89924467859646,-485.2,24.192466662165725
39,-332.3333333333333,135.0436470457141,-444.4,95.718020272047
40,-499.0,0.0,-499.0,0.0
41,-499.0,0.0,-499.0,0.0
42,-499.0,0.0,-434.0,70.69924039195895
43,-499.0,0.0,-475.6,38.44638798118751
44,-332.3333333333333,144.0724685962152,-460.8,66.9675526445457
45,-332.3333333333333,54.991368480948054,-411.0,65.66204772926291
46,-499.0,0.0,-423.8,80.88395432469902
47,-499.0,0.0,-499.0,0.0
48,-332.3333333333333,144.4246003462886,-450.6,64.52086605742362
49,-332.3333333333333,192.33612553336198,-445.2,43.779222688394086
50,-332.3333333333333,133.4123090550771,-396.2,93.61235774832295
51,-332.3333333333333,63.1900901747758,-354.8,35.662952698844215
52,-332.3333333333333,133.6807917169631,-356.4,104.35684968798165
53,-249.0,55.605825234412265,-275.2,42.064358157471034
54,-332.3333333333333,134.28291504906377,-369.4,104.23161323130329
55,-249.0,132.39252320278513,-338.6,92.41162011781852
56,-332.3333333333333,51.81006108498261,-295.8,65.35805079100814
57,-499.0,0.0,-383.4,103.71582195981478
58,-249.0,171.2323912114761,-335.6,82.77532741584294
59,-249.0,90.5559241573957,-265.8,104.85600665293333
60,-199.0,85.12268943119689,-248.0,50.02264063401691
61,-199.0,72.8107684343463,-227.0,45.54628415139922
62,-199.0,77.6338161370417,-227.6,30.624208149762822
63,-199.0,77.98140250085272,-251.0,56.60838326608524
64,-249.0,68.20335328999595,-245.2,50.18028731683388
65,-199.0,29.522571161739965,-205.0,26.389491241780313
66,-199.0,54.776302029253486,-221.2,53.00385060729079
67,-249.0,69.55929269335621,-248.4,57.5041420142932
68,-165.66666666666666,47.79763329023884,-184.4,40.890692300326734
69,-249.0,132.28729568632053,-237.8,107.30121991478009
70,-165.66666666666666,67.70700253734907,-197.4,44.261643313370094
71,-165.66666666666666,31.487910437240895,-167.0,37.6768898928773
72,-165.66666666666666,41.32214974150377,-177.2,42.960767814367564
73,-165.66666666666666,69.93515515051014,-198.6,45.19948686434393
74,-249.0,88.03651515138476,-249.2,68.23592991379248
75,-165.66666666666666,68.92382827225795,-195.6,52.05960719021994
76,-199.0,100.90935845599256,-243.0,56.13407150741873
77,-199.0,84.77538133208247,-242.0,65.41821153165225
78,-165.66666666666666,62.5029810252042,-188.4,56.94830509154772
79,-199.0,49.59071138832352,-204.6,46.75033480949627
80,-165.66666666666666,26.404152310938887,-177.0,20.293336837494223
81,-165.66666666666666,66.86806290776664,-196.2,46.270614640395685
82,-199.0,103.7519663813655,-242.0,62.91813703535729
83,-165.66666666666666,29.558068898983187,-173.4,31.34333557233499
84,-165.66666666666666,22.388784229146058,-173.8,20.417142287793364
85,-165.66666666666666,33.78961006209081,-179.0,28.7151706246019
86,-165.66666666666666,49.42644066728898,-187.6,36.05803428918443
87,-165.66666666666666,42.62384587337277,-179.4,41.793892147059
88,-199.0,64.70969015533916,-207.6,54.536203138832455
89,-165.66666666666666,55.649786396049414,-191.6,36.8671779880153
90,-199.0,32.01466663890161,-209.2,42.41722578387228
91,-165.66666666666666,39.540612783052055,-186.4,16.422881988250417
92,-165.66666666666666,15.745649604937915,-164.8,18.802928793142836
93,-165.66666666666666,57.846139728433755,-190.2,45.209004979096804
94,-141.85714285714286,42.691376178333726,-162.4,22.248201653167385
95,-165.66666666666666,28.65991961943705,-170.4,32.8560547357713
96,-165.66666666666666,59.40425324590575,-183.0,60.7991873629903
97,-199.0,22.627603673389718,-199.4,22.706242595374516
98,-165.66666666666666,38.59554340037682,-178.0,37.99772287914106
99,-199.0,5.9707661149973035,-200.6,5.587890908026032
100,-165.66666666666666,44.14877138511122,-163.6,52.792373509816734
101,-199.0,17.661764351275895,-203.0,21.29104976275242
102,-165.66666666666666,37.03791170819035,-183.0,24.2976765967448
103,-199.0,45.160033303796396,-226.2,71.17234734923389
104,-249.0,90.77572362696978,-249.2,67.77950925759201
105,-199.0,48.33218521854769,-210.8,56.720652633762946
106,-199.0,66.19114720262823,-219.6,55.869558480446216
107,-165.66666666666666,31.38947688731463,-168.6,37.13711260720197
108,-165.66666666666666,62.81294039830871,-195.4,40.07459540407114
109,-249.0,99.22469753040318,-279.8,73.08335134078075
110,-199.0,24.97135382793652,-248.4,88.85802183708569
111,-249.0,16.50070907567308,-256.2,5.471174206694574
112,-199.0,58.62988725897398,-207.6,58.2000539931021
113,-165.66666666666666,49.75137980591686,-189.2,31.79987501862232
114,-199.0,72.66923024224214,-224.0,52.39619283879316
115,-249.0,66.33304304794105,-255.8,49.588852166590826
116,-249.0,62.239644921866315,-257.8,36.108285852418966
117,-332.3333333333333,117.36141229678645,-376.8,97.98494604376735
118,-249.0,114.31396502615067,-325.8,36.96208721379246
119,-332.3333333333333,33.112249943129754,-383.8,49.591950830754776
120,-249.0,135.82283828576107,-366.0,66.77130593301287
121,-332.3333333333333,124.53271425018616,-349.2,107.22815892852026
122,-332.3333333333333,142.06757995430934,-320.6,89.22560679984194
123,-249.0,80.41973389660028,-312.0,48.538401786626636
124,-249.0,65.39618643315525,-335.4,112.17448328742147
125,-165.66666666666666,49.8285359266414,-188.2,35.13772199787572
126,-249.0,146.9983666575925,-289.6,106.25239361444993
127,-199.0,71.7691945057209,-223.2,31.0418461306669
128,-249.0,84.85634331032654,-276.0,59.66131825563361
129,-165.66666666666666,30.271502795227747,-176.2,28.426892957198113
130,-199.0,48.36396807541747,-241.0,58.0663025170365
131,-249.0,166.36059268949484,-277.4,103.48146646042468
132,-199.0,69.879428961605,-229.6,45.51118311799859
133,-199.0,61.184657946253154,-209.6,54.89847688961871
134,-199.0,87.8919598598188,-241.8,28.16077362573692
135,-199.0,45.522661433620065,-257.2,71.75506194826953
136,-199.0,51.04737125455139,-211.2,48.87094043703272
137,-199.0,63.48705946883978,-229.2,36.845497787382385
138,-249.0,93.88072645649903,-286.8,64.27461324037662
139,-199.0,74.38503419371399,-233.6,18.257271121391607
140,-332.3333333333333,107.72011855146067,-313.8,67.69557400007773
141,-199.0,47.33957938131685,-209.0,39.16862744595475
142,-249.0,80.30919125479973,-290.8,37.719282114059375
143,-249.0,61.77887664889998,-262.4,50.156396170378905
144,-332.3333333333333,135.84725714593608,-323.0,82.33866455074431
145,-199.0,105.88499784199836,-246.6,61.364216387076915
146,-199.0,128.29603666520643,-256.2,105.51486653168831
147,-249.0,79.28012235106604,-293.0,46.212793380188565
148,-199.0,92.93459411865959,-252.6,36.37202371053885
149,-249.0,46.10689102509515,-277.0,52.93306505389614
150,-249.0,58.77957978754186,-262.2,46.670723876965944
151,-249.0,46.11730477814157,-261.4,35.4737258939627
152,-199.0,39.003507534579505,-271.8,103.19715493752723
153,-199.0,92.59335405956519,-258.4,56.302445673345304
154,-249.0,66.70842075780239,-298.2,91.2163026832375
155,-249.0,48.139850435995335,-323.6,69.88074834172856
156,-249.0,58.80408319156077,-296.6,32.753001645650734
157,-332.3333333333333,113.52720254863378,-350.0,87.14751594853406
158,-249.0,68.80619012850515,-255.6,52.07141262535519
159,-249.0,31.816058838265935,-258.2,36.14231496736201
160,-249.0,93.4372313374064,-339.4,72.88375366842736
161,-249.0,144.2348938364084,-314.6,93.84221282983474
162,-249.0,64.52018133886482,-281.6,46.806178874161475
163,-249.0,86.47632392741957,-325.2,73.2891150662907
164,-199.0,18.552826199800396,-235.8,69.20193514057246
165,-199.0,26.88559941678816,-218.0,59.37732577339603
166,-249.0,66.47766993509926,-251.8,51.105736225985424
167,-199.0,36.91050018626136,-211.6,52.90576993863713
168,-165.66666666666666,57.04177468539403,-187.8,49.265526965617646
169,-165.66666666666666,21.779955446677555,-173.8,19.44572886780025
170,-165.66666666666666,39.34582136973709,-183.4,27.92074864325812
171,-165.66666666666666,42.86102364792689,-182.2,37.218949840101615
172,-199.0,117.86365112281221,-227.2,88.31299783837031
173,-165.66666666666666,55.515395795854424,-193.8,28.095217301170678
174,-199.0,114.64777028795629,-238.8,84.05342940772852
175,-249.0,75.43135820068468,-242.8,94.94722299888501
176,-165.66666666666666,37.313475274182615,-179.8,32.92519988094225
177,-199.0,82.30506531192353,-207.2,74.62922314482444
178,-199.0,82.88737804997815,-283.0,73.82724483549416
179,-199.0,46.32571018343916,-223.8,42.73123657466514
180,-249.0,39.9703064786849,-247.0,29.36600701491437
181,-249.0,139.2548620336109,-311.8,54.5243677193968
182,-199.0,45.03737114885814,-237.6,42.46139946822289
183,-332.3333333333333,224.1577685140205,-380.8,80.25839820978238
184,-249.0,70.8418675643154,-243.8,59.02796343429103
185,-249.0,61.25979921612541,-261.2,35.650023999991916
186,-249.0,115.50288481245826,-322.8,78.5456886353414
187,-199.0,55.13699824981406,-221.0,22.464028490010424
188,-249.0,85.64493563544782,-262.2,57.028657946685016
189,-199.0,91.14147525687743,-231.4,46.61537682782367
190,-199.0,46.73850044663392,-264.8,112.06456618931784
191,-249.0,132.82163829737982,-300.2,86.11589615860707
192,-249.0,118.07678349277643,-265.6,80.74552983788018
193,-249.0,92.30486769396292,-253.0,68.50024747400552
194,-249.0,80.48837307338246,-256.8,60.32063596481721
195,-165.66666666666666,39.855118357110165,-181.0,34.69144632326533
196,-165.66666666666666,47.815490439040005,-188.6,29.457958870227245
197,-199.0,35.561984196610844,-228.8,66.72157830267506
198,-165.66666666666666,48.34813811574609,-186.0,38.21145545513806
199,-199.0,84.55395475079803,-225.2,56.389169343057354
