,Stepsrewards,Stepsci,Episoderewards,Episodeci
0,1.75,0.4583530298798078,2.0,0.0
1,1.875,0.8079429899442163,2.6,0.42941448508405017
2,2.0,0.6001249869818785,2.2,0.35061545887196705
3,1.5,1.095673308974897,2.4,1.188994869627283
4,1.75,0.9645659645664467,2.2,1.0222109371357753
5,1.8571428571428572,0.7332121111929344,1.8,0.8588289701681003
6,2.25,1.0679302411674652,3.0,0.7839999999999999
7,2.0,2.7718585822512662,2.8,0.8588289701681003
8,0.0,0.0,2.8,0.8588289701681003
9,1.75,1.0679302411674652,2.8,0.8588289701681003
10,2.0,1.8479057215008443,2.6,0.7012309177439341
11,0.0,0.0,2.6,0.7012309177439341
12,0.0,0.0,2.6,0.7012309177439341
13,1.6666666666666667,1.099723871066093,2.0,1.1087434329005064
14,3.0,0.6929646455628166,2.8,0.6559414608027151
15,0.6666666666666666,1.066888865745562,2.8,0.6559414608027151
16,1.6666666666666667,1.4113613076532674,2.4,0.42941448508405017
17,2.0,1.3859292911256331,2.4,0.42941448508405017
18,1.25,0.812573073637073,2.4,0.42941448508405017
19,2.0,1.6003332986183432,2.4,0.42941448508405017
20,4.0,0.0,2.4,0.42941448508405017
21,1.5,1.095673308974897,3.2,0.8588289701681003
22,0.6666666666666666,1.066888865745562,2.0,1.6631151493507597
23,1.6666666666666667,0.533444432872781,1.4,1.051846376615901
24,0.5,0.6929646455628166,1.6,1.188994869627283
25,2.3333333333333335,0.533444432872781,2.6,0.42941448508405017
26,0.0,0.0,2.6,0.42941448508405017
27,0.0,0.0,2.4,0.42941448508405017
28,1.3333333333333333,1.066888865745562,1.8,0.8588289701681003
29,1.0,1.3859292911256331,1.8,0.8588289701681003
30,1.0,0.0,1.8,0.8588289701681003
31,1.3333333333333333,1.066888865745562,1.8,0.8588289701681003
32,0.8,0.8588289701681004,1.6,0.7012309177439341
33,1.3333333333333333,1.066888865745562,1.2,0.8588289701681004
34,1.8,1.4024618354878682,2.0,1.1087434329005064
35,1.75,0.4243524478543749,2.0,1.1087434329005064
36,0.0,0.0,2.0,1.1087434329005064
37,1.25,1.2730573435631247,2.2,0.35061545887196705
38,3.0,1.3859292911256331,2.6,0.7012309177439341
39,1.8,0.8588289701681003,2.6,0.7012309177439341
40,1.8,1.0222109371357755,2.8,0.35061545887196705
41,1.3333333333333333,1.066888865745562,2.0,0.9601999791710057
42,1.2,0.8588289701681004,1.6,1.3118829216054304
43,1.8,0.8588289701681003,1.8,0.8588289701681003
44,1.8,0.8588289701681003,2.2,0.35061545887196705
45,1.0,0.98,1.6,0.7012309177439341
46,1.3333333333333333,0.754404351741111,1.6,0.7012309177439341
47,1.0,1.3859292911256331,1.2,0.8588289701681004
48,0.5,0.6929646455628166,1.4,1.051846376615901
49,1.0,1.3859292911256331,1.0,1.1087434329005064
50,0.0,0.0,1.0,1.1087434329005064
51,0.0,0.0,1.0,1.1087434329005064
52,0.0,0.0,1.0,1.1087434329005064
53,2.0,0.0,1.4,1.051846376615901
54,0.0,0.0,1.4,1.051846376615901
55,0.0,0.0,1.4,1.051846376615901
56,0.0,0.0,1.4,1.051846376615901
57,0.0,0.0,1.4,1.051846376615901
58,1.0,1.3859292911256331,1.8,0.8588289701681003
59,0.0,0.0,1.8,0.8588289701681003
60,0.0,0.0,1.8,0.8588289701681003
61,0.0,0.0,1.8,0.8588289701681003
62,0.0,0.0,1.8,0.8588289701681003
63,1.3333333333333333,1.066888865745562,2.0,0.0
64,0.0,0.0,2.0,0.0
65,0.0,0.0,2.0,0.0
66,0.0,0.0,2.0,0.0
67,0.0,0.0,2.0,0.0
68,0.0,0.0,2.0,0.0
69,2.0,0.0,2.0,0.0
70,0.0,0.0,2.0,0.0
71,0.5,0.6929646455628166,2.2,0.35061545887196705
72,1.5,2.0788939366884494,2.4,0.42941448508405017
73,2.0,0.0,2.4,0.42941448508405017
74,0.25,0.4243524478543749,1.8,1.2882434552521507
75,1.0,1.3859292911256331,1.2,1.2882434552521507
76,0.0,0.0,1.2,1.2882434552521507
77,0.0,0.0,1.2,1.2882434552521507
78,0.0,0.0,1.2,1.2882434552521507
79,0.0,0.0,1.2,1.2882434552521507
80,0.0,0.0,1.0,1.1087434329005064
81,0.0,0.0,0.4,0.7012309177439341
82,2.5,0.6929646455628166,1.0,1.1087434329005064
83,0.0,0.0,1.0,1.1087434329005064
84,0.0,0.0,1.0,1.1087434329005064
85,0.0,0.0,1.0,1.1087434329005064
86,0.0,0.0,1.0,1.1087434329005064
87,1.3333333333333333,1.066888865745562,1.8,0.8588289701681003
88,0.0,0.0,1.8,0.8588289701681003
89,1.5,2.0788939366884494,1.8,0.8588289701681003
90,0.5,0.8487048957087499,1.8,0.8588289701681003
91,1.6666666666666667,1.4113613076532674,1.4,1.051846376615901
92,1.0,1.6003332986183432,1.6,1.188994869627283
93,1.0,1.3859292911256331,1.6,1.188994869627283
94,1.3333333333333333,1.4113613076532674,2.4,1.051846376615901
95,2.0,2.7718585822512662,1.8,1.2882434552521507
96,1.0,0.8001666493091716,1.6,1.3118829216054304
97,2.0,1.3859292911256331,1.4,1.051846376615901
98,0.0,0.0,1.4,1.051846376615901
99,0.0,0.0,1.4,1.051846376615901
