,Stepsrewards,Stepsci,Episoderewards,Episodeci
0,1.75,0.4583530298798078,2.0,0.0
1,1.875,0.8079429899442163,2.6,0.42941448508405017
2,2.0,0.6001249869818785,2.2,0.35061545887196705
3,1.5,1.095673308974897,2.4,1.188994869627283
4,1.75,0.9645659645664467,2.2,1.0222109371357753
5,0.8888888888888888,0.7186300028058837,0.8,0.8588289701681004
6,1.5714285714285714,0.7776888838089431,1.8,0.8588289701681003
7,1.8333333333333333,0.7181715466170812,1.6,0.7012309177439341
8,1.5714285714285714,0.7776888838089431,1.6,0.7012309177439341
9,1.6,0.8938975332777241,2.6,0.7012309177439341
10,1.6666666666666667,0.9979831513459385,2.0,0.9601999791710057
11,1.6666666666666667,1.508808703482222,2.0,1.6631151493507597
12,1.8,0.8588289701681003,1.8,0.8588289701681003
13,1.5,0.8487048957087499,1.8,0.8588289701681003
14,1.2857142857142858,0.6523802572120035,1.6,0.7012309177439341
15,1.5,0.8946135105917713,1.8,0.8588289701681003
16,3.0,0.9239528607504222,2.2,1.1628599227765997
17,1.25,1.0679302411674652,2.6,1.3118829216054304
18,2.0,0.0,2.4,1.188994869627283
19,1.3333333333333333,1.066888865745562,2.4,0.42941448508405017
20,1.5,0.6929646455628166,2.4,0.42941448508405017
21,0.0,0.0,2.4,0.42941448508405017
22,0.0,0.0,2.4,0.42941448508405017
23,0.0,0.0,2.4,0.42941448508405017
24,0.0,0.0,2.4,0.42941448508405017
25,1.0,1.3859292911256331,2.2,0.35061545887196705
26,1.0,1.3859292911256331,2.2,0.35061545887196705
27,2.0,2.7718585822512662,2.2,0.35061545887196705
28,0.5,0.6929646455628166,2.8,1.0222109371357753
29,1.25,1.2730573435631247,1.8,1.606721880102465
30,0.0,0.0,2.0,1.6631151493507597
31,1.0,1.6003332986183432,1.2,1.2882434552521507
32,2.0,0.0,1.6,1.188994869627283
33,1.5,0.6929646455628166,2.2,1.0222109371357753
34,0.0,0.0,2.2,1.0222109371357753
35,0.0,0.0,2.2,1.0222109371357753
36,0.0,0.0,2.2,1.0222109371357753
37,0.0,0.0,2.2,1.0222109371357753
38,0.0,0.0,2.0,0.9601999791710057
39,3.0,0.0,2.0,0.9601999791710057
40,0.5,0.6929646455628166,2.8,0.6559414608027151
41,0.0,0.0,2.8,0.6559414608027151
42,0.0,0.0,2.8,0.6559414608027151
43,0.0,0.0,2.8,0.6559414608027151
44,0.0,0.0,2.8,0.6559414608027151
45,1.0,1.3859292911256331,2.2,1.1628599227765997
46,0.0,0.0,2.2,1.1628599227765997
47,0.0,0.0,2.2,1.1628599227765997
48,0.0,0.0,2.2,1.1628599227765997
49,0.0,0.0,2.2,1.1628599227765997
50,0.6666666666666666,0.754404351741111,1.2,0.8588289701681004
51,2.0,0.0,1.2,0.8588289701681004
52,0.0,0.0,1.2,0.8588289701681004
53,0.0,0.0,1.2,0.8588289701681004
54,0.0,0.0,1.2,0.8588289701681004
55,0.0,0.0,1.2,0.8588289701681004
56,2.0,0.0,1.2,0.8588289701681004
57,0.0,0.0,1.2,0.8588289701681004
58,0.0,0.0,1.2,0.8588289701681004
59,0.0,0.0,1.2,0.8588289701681004
60,0.0,0.0,1.6,0.7012309177439341
61,0.6666666666666666,1.066888865745562,1.2,0.8588289701681004
62,0.0,0.0,1.2,0.8588289701681004
63,0.0,0.0,1.2,0.8588289701681004
64,0.0,0.0,1.2,0.8588289701681004
65,0.0,0.0,1.2,0.8588289701681004
66,0.8,0.8588289701681004,1.2,0.8588289701681004
67,1.8,0.8588289701681003,1.4,1.051846376615901
68,1.8,1.0222109371357755,2.0,0.9601999791710057
69,2.5,1.47,2.6,1.188994869627283
70,1.1428571428571428,0.7332121111929344,1.6,0.7012309177439341
71,1.8,0.8588289701681003,1.8,0.8588289701681003
72,2.0,0.6929646455628166,2.0,0.9601999791710057
73,2.1666666666666665,1.3402625502877052,2.2,1.1628599227765997
74,0.0,0.0,2.2,1.1628599227765997
75,0.0,0.0,2.2,1.1628599227765997
76,0.0,0.0,2.2,1.1628599227765997
77,0.0,0.0,2.2,1.1628599227765997
78,0.0,0.0,1.8,1.4024618354878682
79,0.625,0.6875295448197116,0.4,0.4294144850840502
80,0.0,0.0,0.4,0.4294144850840502
81,0.0,0.0,0.4,0.4294144850840502
82,0.0,0.0,0.4,0.4294144850840502
83,0.0,0.0,0.4,0.4294144850840502
84,0.75,0.812573073637073,1.4,0.8938975332777241
85,4.0,0.0,1.4,0.8938975332777241
86,0.0,0.0,1.4,0.8938975332777241
87,0.0,0.0,1.4,0.8938975332777241
88,0.0,0.0,1.4,0.8938975332777241
89,0.0,0.0,2.2,1.0222109371357753
90,1.0,0.0,2.2,1.0222109371357753
91,0.6666666666666666,0.5964090070611809,1.0,0.7839999999999999
92,1.0,1.3859292911256331,0.6,0.701230917743934
93,0.0,0.0,0.6,0.701230917743934
94,0.0,0.0,0.6,0.701230917743934
95,0.0,0.0,0.6,0.701230917743934
96,0.0,0.0,0.6,0.701230917743934
97,1.0,1.3859292911256331,1.0,0.7839999999999999
98,0.0,0.0,1.0,0.7839999999999999
99,0.0,0.0,1.0,0.7839999999999999
